7.36281	0	0	0
4.86386	0	0	0
4.56486	0	0	0
8.56428	0.207378	354.358	0
5.84511	0	0	0
6.97534	0.0366052	0	0
      0	0	0	0
7.34799	0.107511	0.176259	0
5.39411	0	0	0
0.0656274	0	0	0
2.34328	0	0	0
0.11686	0	0	0
0.19308	0	0.0940305	0
0.124632	0	0	0
 6.1224	0	0	0
7.80924	0	0	0
6.40198	0	0	0
4.39718	0	0	0
7.01276	0	0	0
5.42778	0	0	0
0.0878187	0	0	0
8.28915	0	231.23	0
7.05989	0	0	0.107293
 5.6511	0.0280354	0	0
 4.5375	0	0	0
0.125964	0	0	0
6.76268	0	0	0
      0	0	0	0
4.07264	0	0	0
7.81219	0	0.0443863	0
5.66901	0	0	0
 7.7385	2206.34	0	808.178
7.90942	0	0	0
3.44976	0	0	0
      0	0	0	0
 4.4169	0	0	0
7.84268	0	0	0
4.47107	0	0	0
0.0234839	0	0	0
6.98664	0	0	0
2.85398	0	0	0
2.89317	0	0	0
3.08167	0	0	0
5.95903	0	0.139508	0
5.13799	0	0	0
  6.657	0	0	0
3.83303	0	0	0
6.00265	0	0	0.110488
7.02102	0	0	0
0.0540367	0	0	0
4.03253	0	0	0
0.140054	0	0	0
0.112906	0	0	0
4.61096	0	0	0
7.74722	0	0	0
7.39422	0	0.0235399	0
3.43311	0	0	0
3.89008	0	0	0
 4.9611	0.0111424	0.16387	0
0.0604736	0	0	0
2.16753	0	0	0
6.65778	0	0	0
5.91683	0	0	0
7.68317	0	0	0
0.0696941	0	0	0
      0	0	0	0
0.213509	0	0	0
8.16363	0	0	0
7.20038	0	0	0
 6.6115	0	1.15641	0
3.53095	0	0	0
3.52764	0	0	0
0.124762	0	0	0
7.40108	0	0	0.00906846
0.128595	0	0	0
5.91512	0	0	0
7.15492	0	0	0
0.0568152	0	0	0
0.0389495	0	0	0
6.72055	0	0	0
0.0749554	0	0	0
0.034986	0	0	0
8.10824	0	0.128241	0.00907902
      0	0	0	0
5.10554	0	0	0
3.22219	0	0	0
 7.2277	0	0	0
1.61526	0	0	0
2.69553	0	0	0
 3.8052	0	0	0
4.05655	0	0	0
0.240024	0	0	0
      0	0	0	0
  5.693	0	0	0
0.086769	0	0	0
3.82197	0	0	0
2.56585	0	0	0
3.57473	0	0	0
6.84542	0	0	0
0.0614163	0	0	0
      0	0	0	0
 7.4471	0	0	0
4.78471	0	0	0
8.11187	0	2.56918	0
1.32754	0	0	0
6.45135	0	0	0
7.18019	0	0	0
 6.4756	0	0	0
7.35322	0	0	0
 5.0804	0	0	0
0.0497213	0	0	0
0.144673	0	0	0
  7.751	903.584	0	0.0795085
6.07217	0	0.531432	0
      0	0	0	0
4.03711	0	0	0
3.07912	0	0	0
6.43266	0	0	0
2.03969	0	0	0
6.97622	0	0	0
4.73697	0	0	0
8.61304	0	373.348	0
 4.4883	0	0	0
6.33239	0	0	0
5.21904	0	0	0
5.02511	0	0	0
5.54303	0	0	0
3.91926	0	0	0
2.87012	0	0	0
4.86705	0	0	0
8.29248	2408.74	17.5889	0.0473844
0.0491594	0	0	0
7.17671	0	0	0
4.50238	0	0	0
8.78185	0	463.599	0
7.36996	0	0	0
7.24375	1732.4	0	0
6.46171	0.107337	0	0
0.168166	0	0	0
7.59241	0	0	0
5.66075	0	0	0
5.06328	0	0	0
6.78637	0	0	0
7.03804	0.00174814	0	0
3.88857	0	0	0
0.134256	0	1.39913	0
1.23406	0	0	0
0.164513	0	0	0
      0	0	0	0
3.76501	0	0	0
7.08676	0	0	0
6.13166	0	0	0
7.71762	0	0	0
3.81613	0	0	0
0.160543	0	0	0
0.0771311	0	0	0
0.0822424	0	0	0
1.82349	0	0	0
6.92401	0	0	0
6.49982	0	0	0
0.595293	0	0	0.00904798
4.61575	0	0	0
6.01105	0	0	0
      0	0	0	0
4.45894	0	0	0
4.05775	0	0	0
6.34833	0	0	0
0.116316	0	0	0
2.48285	0	0	0
0.170288	0	0	0
7.66885	0	0	0
2.93101	0	0	0
8.48079	0	0.514166	0
6.96986	0.638767	0	0
3.18964	0	0	0
4.16908	0	0	0
3.51002	0	0	0
  8.003	0	0	0
5.14785	0	0	0
7.65321	0	0.223002	0
8.27956	0	0.0706322	295.726
5.81835	0	0	0
4.73971	0.347875	0	0
0.124902	0	0	0
7.01301	0	0	0
6.82667	0	0	0
3.83584	0	0	0
2.27574	0	0	0
8.08949	0	0	0
7.63955	0	0	0
3.91593	0	0	0
4.29966	0	0	0
7.59973	0	0	0
6.00024	0	0	0
0.0271472	0	0	0
3.29651	0	0	0
9.08614	0.141329	423.737	0
0.0723262	0	0	0
7.90609	0	0	0
7.64228	0	0	0.0171835
0.0857962	0	0	0
7.42085	0	0	0
0.00557259	0	0	0
8.81656	0.705688	243.306	0
7.21901	0	0	0
1.73439	0	0	1.32297
0.115521	0	0	0
7.43704	0	0	0
7.21452	0	0	0
6.52195	0	0	0
0.106353	0	0	0
 3.1644	0	0	0
0.122402	0	0	0
8.07637	0	0	0.0457072
6.50105	0	0	0
5.45083	0	0	0
8.16494	0	0	0
4.98346	0	0	0
 1.5345	0	0	0
6.69795	0	0	0
4.33714	0	0	0
7.67776	0	0	0.105673
7.49296	0	1343.52	1020.9
 6.6632	0	0	0
7.29883	0	0	0.271106
0.128473	0	0	0
5.04721	0	0	0
2.87326	0	0	0
7.34713	653.914	0	0
3.92649	0	0	0
6.08031	0	0	0
3.33289	0	0	0
7.99327	0.124669	0	0
6.73354	0	0	0
4.22886	0	0	0
7.29695	0	0	0
 3.3591	0	0	0
 5.9835	0	0	0
7.76954	0	0	0
7.27826	0	0	228.957
6.79304	0	0	0
5.89212	0	0	0
6.18692	0	0	0
0.0937953	0	0	0
0.0918497	0	0	0
4.94673	0	0.0332409	0
      0	0	0	0
5.61132	0	0	0
0.0114111	0	0	0
0.144366	0	0	0
3.51171	0	0	0
3.85963	0	0	0
6.46691	0	0	0
2.53085	0	0	0
5.91107	0	0	0
5.47368	753.514	0	0
0.0982634	0	0	0
7.62659	0	0	0
7.59029	0	0	0.210879
8.83779	0	0.165817	0
3.63753	0	0	0
0.467383	0	0	0
7.29378	2651	0	0
7.44837	0	0	0
5.55301	0	0	0
      0	0	0	0
 6.7752	0	0	0
6.90481	0	0	0
7.88151	0	0	0.0240359
0.111401	0	0	0
 8.3179	0.00729171	0	0
 6.4838	1977.87	0	0
8.20285	2323.29	0.0378578	0
0.890424	0	0	0
0.0157203	0	0	0
4.52354	0	0	0
2.66935	0	0	1.06035
6.26166	0	0	0
5.76381	0.172593	0.150635	0
6.00873	0	0	0
 0.2928	0	0	0
1.37541	0	0	0
6.08965	0	0	0
4.68888	0	0	0
 3.7752	0	0	0
4.31132	0	0.37737	0
3.48196	0	0	0
 7.9483	0	0	0
3.12726	0	0	0
0.277374	0	0	0
 7.2436	0.0248383	0	0
      0	0	0	0
      0	0	0	0
6.40401	0.286521	0	0
 4.2688	0	0	0
4.45747	0.00993266	0	0
 7.7451	0	0	0.0656696
2.30577	0	0	0
0.284433	0	0	0
 8.0761	0.0400812	0	0
6.60631	0	0	0
5.41539	0	0	0
8.42156	0.0134777	0	0.155934
6.27234	0	0	0
4.62601	0	0	0
4.71028	0	0	0
5.36901	0	0	0
8.39261	0	245.946	0
 5.3114	0	0	0
 8.2363	0	0	0.0578266
1.45987	0	0	0
0.721658	0	0	0
1.63297	0	0	0
8.03195	0	0	0
3.27112	0	0	0
0.0461854	0	0	0
8.23436	0	0	0
7.44948	0	0	318.555
4.26407	0	0	0
3.91959	0.274868	0	0
7.97411	0	0.060133	0
      0	0	0	0
3.09122	0	0	0
4.53857	0	0	0
4.01335	0	0	0
3.72421	0	0	0
      0	0	0	0
5.23573	0	0	0
7.58568	0	0	0
7.69624	0	0	0
4.45737	0	0	0
6.88345	0	0	0
6.46565	0	0	0
7.20049	0	0	0
8.33916	0	0.112505	0
7.64816	0	0	0
4.48865	0	0	0
7.04166	0	0	0
4.37502	0	0	0
6.78732	0	0	0
6.44208	0	0	0
2.07868	0	0	0
6.50547	0	0	0
4.31742	0	0	0
2.47508	0	0	0
5.57321	0	0	0
7.80799	0	0	0
1.24656	0	0	0
4.90241	0	0	0
0.067072	0	0	0
5.15021	0	0	0
7.92744	0	0	0
6.83833	0	0	0
0.0612865	0	0	0
7.90444	1341.06	0	0
5.11821	0	0	0
8.19437	0	0.096363	0.130102
3.56876	0	0.123413	0.0100362
7.33406	0	0	0
4.36799	0	0	0
6.50319	0	0	0
0.757867	0	0	0
2.70049	0	0	0
7.36282	0.0322532	0	0
8.21463	0	0	0
2.41901	0	0.274542	0
2.91303	0	0	0
6.92146	0	0	0
0.0806024	0	0	0
7.19646	0	0	0
2.70093	0	0	0
5.98892	0	0	0
1.17548	0	0	0
6.61745	0	0	0.277945
2.82797	0	0	0
4.95767	0	0	0
7.90141	0	0	0
0.0219843	0	0	0
2.66646	0	0	0
5.42442	0	0	0
 4.1782	0	0	0
8.13154	0	0	0
6.60858	0	0	0
6.50157	240.132	0	0
7.13758	0	0	0
0.46754	0	0	0.124917
0.0659367	0	0	0
 4.7432	0	0	0
5.76121	0	0	0
0.296099	0	0	0
6.15871	0.00364059	0	0
8.25338	0	0	0.629491
4.02086	0	0	0
7.59994	0	0	0
8.16312	0	0.273306	0
5.63021	0	0	0
7.12915	0	0	0
0.0222199	0	0	0
8.02299	0	0	200.02
6.81812	0	0	0
5.16311	0	0	0
2.98032	0	0	0
7.66633	0	0	0
0.176976	0	0	0
7.55568	0	0.0672901	0
2.35623	0	0	0
6.87488	0	0	0
3.72718	0	0	0
 5.6142	0	0	0
7.69453	0	0	0
2.63489	0	0	0
1.55931	0	0	0
1.25548	0	0	0
3.29049	0	0	0
7.85356	0	0	0
5.83845	0	0	0
      0	0	0	0
6.72151	0	0	0
0.978578	0	0	0
6.37534	0.026725	0	0
5.66681	0	0	0
7.99263	0	0	0.475352
 5.8974	0	0	0
0.0976534	0	0	0
6.84897	0	0	0
 7.3543	0	0	0.0160185
1.15995	0	0	0
7.77709	0	0.0506353	0
0.419879	0	0	0
0.119267	0	0	0
 8.2975	0	0.210955	0
5.56185	0	0	0
1.54316	0	0	0
0.0725044	0	0	0
6.47533	0	0	86.3173
6.58558	2946.68	0	0
6.34906	0	0	0
 5.0598	0	0	0
6.32105	2558.7	0	0
  6.941	0	0	0
1.73794	0	0	0
      0	0	0	0
5.59656	0	0	0
0.231557	0	0	0
4.47439	0	0	0
5.75591	0	0	0
7.19814	0	0	0
4.00456	0	0	0
3.23978	0	0	0
5.41916	0	0	0
4.93507	0	0	0
6.38985	0	0	0.0333522
8.31016	0	0	0.103325
5.72424	0	0	0
4.39448	0	0	0
8.36563	0.0151004	0	0
2.44865	0	0	0
2.31474	0	0	0
0.516952	0	0	0
7.79282	0	0	0
6.11391	0	0	0
6.46639	0	0	0
7.73227	0	0	0
5.75181	0	0	0
5.24844	0	0	0
6.84821	0	0	0
1.91223	0	0	0
7.33062	0	0	0
2.01538	0	0	0
7.96531	0	0	0
      0	0	0	0
7.48021	0	0	0
7.90028	0	0	0
0.0166294	0	0	0
0.108304	0	0	0
6.14529	0	0	0
3.82218	0	0	0
7.60458	0	0	0
6.04505	0	0	0
7.75195	0	0	0
2.19985	0	0	0
1.77078	0	0	0
3.12968	0	0	0
      0	0	0	0
0.0998579	0	0	0
6.53262	0	0	0.588761
0.358142	0	0	0
0.0249057	0	0	0
8.53231	0	0.0311938	0
7.23786	0	0	0
 7.1385	0	0	0
4.56136	0	0	0
4.80799	0	0	0
4.96192	0	0	0
6.71055	0	0	0
5.42545	0.0411673	0	0
      0	0	0	0
5.12513	0	0	0
6.10589	0	0	0
      0	0	0	0
7.57291	0	0	0
5.95813	0	0	0
7.98634	0	0.123681	0
3.89186	0	0	0
6.58067	0	0	0
7.59974	0	0.216443	0
4.19035	0	0	0
0.21098	0	0	0
7.90187	0	0	0
4.59966	0	0	0
 8.4517	0	0	0
6.96841	0	0	0
6.70762	2128.68	0	0
4.34076	0	0	0
4.05083	0	0	0
7.92974	0	0	0
4.76504	0	0	0
5.73802	0	0	0
4.84072	0	0	0
0.0215487	0	0	0
0.0237216	0	0	0
0.134857	0	0.0478613	0
5.74139	0	0	0
      0	0	0	0
5.69981	0	0	0
2.80045	0	0	0
5.55542	0	0	0
5.43899	0	0	0
8.06994	0	0	0
8.49068	0	0.137623	0
7.96682	0.184953	0	0
7.65791	0.114749	0	0
5.16892	0.152318	0	0
6.13937	0	0	0
7.05272	0	0	0
5.03371	0	0	0
8.08398	0	0	0
5.75491	0	0	2.16435
1.78471	0	0	0
7.73024	0	0	0
6.45389	0	0	0
4.01166	0	0	0
5.26671	0	0	0
8.23162	0.00413179	0.442257	740.313
0.116362	0	0	0
1.23677	0	0	0
  5.967	0	0	0
      0	0	0	0
0.0961597	0	0	0
2.95709	0	0	0
 2.5591	0	0	0
6.15469	0	0	0
5.75591	0	0	0
3.71225	0	0.204396	0
5.22827	0	0	0
7.75523	0	0	0
 4.3829	0	0	0
2.70355	0	0	0
0.122677	0	0	0.0204569
7.78313	0	0	50.3993
8.18802	0	220.04	0
7.36441	0	0	0
6.29884	0	0	0
8.36539	0	247.246	0
6.52332	0	0	0
      0	0	0	0
0.172562	0	0	0
7.26896	0	0	0.184527
3.72672	0	0	0
4.24449	0	0	0
7.26837	0	0	0
 6.9199	0	0	0
      0	0	0	0
0.147708	0	0	0
 4.8071	0	0	0
 3.4926	0	0	0
6.61532	0	0	0
1.89353	0	0	0
6.31909	0	0	0
3.60452	0	0	0
7.98639	0	0	0
      0	0	0	0
5.36685	0	0	0
6.03604	0	0	0
7.25242	0	0	0
3.48706	0	0	0
5.50824	0	0	0
0.057828	0	0	0
0.0879533	0	0	0
 7.6637	0.0705968	0	0.065922
7.66713	0	0	0
6.12032	0	0	0
0.240876	0	0	0
7.50498	0	0	0
      0	0	0	0
7.71484	0	0	0
6.40493	0	0	0
5.41586	0	0	0
 5.3136	0	0	0
6.67094	0	0.765381	0
7.06636	0	0	0
5.70685	0	0	0
0.0767469	0.0900022	0	0
8.28779	0	0.0419235	0
2.46593	0	0	0
4.26854	0	0	0
3.08366	0	0	0
5.05446	0	0	0
7.69571	0	0	0
2.24863	0	0	0
8.24208	0	0	0
6.65623	0	0	0
      0	0	0	0
0.200992	0	0	0
6.39583	0	0	0
8.56773	0	355.82	628.373
4.02099	0	0	0
6.72691	0	0	132.763
4.24819	0	0	0
3.28568	0	0	0
5.67377	0	0	0
 6.4731	0	0	0
5.44259	0	0	0
3.59486	0	0	0
0.191733	0	0	0
7.30275	0.0344437	0	0
0.313031	0	0	0
 7.0244	0	0	0
0.114758	0	0	0
0.0909188	0	0	0
0.367368	0	0	0
4.77059	0	0	0
6.11141	0	0	0
 2.3748	0	0	0
7.51422	0	0	0
 6.8761	0	0	0
5.81266	0	0	0
4.65245	0	0	0
0.0273028	0	0	0
 7.4373	5.62635	0	0
2.97721	0	0	0
5.88311	0	0	0
5.69572	0	0	0
      0	0	0	0
0.279454	0	0	0
0.779902	0	0	0
      0	0	0	0
4.64318	0	0.150397	0
0.167923	0	0	0
5.72822	0	0	0
0.023647	0	0	0
 0.2722	0	0	0
6.60411	0	0	0.0635572
0.126852	0	0.0891412	0
5.02064	0	0	0
 3.3554	0	0	0
6.32854	0	0	0
6.30933	0	0	0
  2.382	0.00727079	0	0
7.66867	0.129106	0	0
5.49184	0	0	0
8.21622	1661.27	2.79396	0
5.67604	0	0	0
6.83558	0.0479208	0	0
7.65899	0	0	0
0.316656	0	0	0
4.49693	0	0	0
1.29415	0	0	0
 3.9525	0	0	0
 7.7078	0	0	0
6.19789	0	0	0
8.26274	0	0	0
4.70061	0	0	0
0.127563	0	0.203283	0
5.11585	0	0	0
7.20711	0	0	0
6.30498	0	0	0
1.85681	0	0	0
7.81652	0	0.102666	0
0.0449552	0	0	0
0.404959	0	0	0
7.89347	0	0	0
3.88477	0	0	0
 2.6975	0	0	0
0.127943	0	0	0
 3.4163	0	0	0
6.20651	0	0	0
5.38466	0	0	0
0.293667	0	0	0
6.16363	0	0	0
7.59646	0	0	0
1.72947	0	0	0
5.25586	0	0	0
 1.7726	0	0	0
0.313528	0	0	0
0.218193	0	0	0
0.126405	0	0	0
5.97263	0	0.0400419	0
0.000819829	0	0	0
0.232852	0	0	0
6.80498	0	0	0
4.05092	0	0	0
      0	0	0	0
0.347457	0	0	0
6.19914	0	0	0
8.39063	0	410.886	0
5.32228	0	0	0
6.50485	0	0	0
6.04562	0	0	0
6.35802	0	0	0
4.27588	0	0	0
0.818671	0	0	0
6.66653	0	0	0
0.151769	0	0	0.25686
 1.8282	0	0	0
      0	0	0	0
0.0894088	0	0	0
0.193729	0	0	0
5.51086	0	0	0
2.91477	0	0	0
8.19498	0	0	0.0868297
6.70836	0	0	0
5.64061	0	0	0
7.78042	0	0	0
7.49661	2862.32	0	0
5.64942	0	0	0
7.52029	0	0	0
4.36254	0	0	0
3.36756	0	0	0
5.82858	0	0	299.607
5.76014	0	0	0
0.0742812	0	0	0
6.75344	0	0	0
4.30388	0	0	0
6.92771	0	0	0
4.65687	0	0	0
3.32161	0	0	0
5.66571	0	0	0
0.186586	0	0	0
0.311509	0	0	0
1.85449	0	0	0
0.0212382	0	0	0
7.82212	0	0	0
0.111246	0	0	0
5.34084	0	0	0
5.79628	0	0	0
4.51151	0	0	0
3.61345	0	0	0
0.190557	0	0	0
 7.9665	0	0	0
7.46968	0	0	0.0591314
5.66466	0	0	0
0.0628706	0	0	0
5.00775	0	0	0
6.08023	0	0	0
3.96745	0	0	0
5.48387	0	0	0
3.07029	0	0	0
5.49037	598.463	0	0
0.0773357	0	0	0
6.79065	0	0	0
      0	0	0	0
7.27464	0	0	0.0872799
1.12818	0	0	0
5.14453	0	0	0
3.43788	0	0	0
6.79492	0	0	243.52
3.98838	0.0455777	0	0
4.25838	0	0	0
0.237544	0	0	0
0.333275	0	0	0
5.30008	0	0	0
6.52543	0	0	0.22448
3.43754	0.222436	0	0
1.61514	0	0	0
8.45247	0	223.002	0
8.36637	0	0	0
0.326196	0	0	0
0.102599	0	0	0
4.82497	0	0	0
6.84583	0	0	0
5.65394	0	0	0
1.93047	0	0	0
7.61425	0	0	0
2.01241	0	0	0
7.31986	0	0.0187385	0
6.89803	0	0	0
7.25293	0	0	0
      0	0	0	0
5.80974	0	0	0
2.70838	0	0	0
4.61115	0	0	0
4.70198	0	0	0
8.41782	0.00493203	0	0
5.70949	0	0	0
0.0376295	0	0	0
3.59463	0	0.539565	0
 1.0871	0	0	0
0.590452	0	0	0
5.24115	0	0	0
6.25163	0	0	0
6.68137	0	0	0
0.115215	0	0	0
0.0700305	0	0	0
4.91971	0	0	0
7.23223	0	0	0
7.55475	0	0	0
0.0587853	0	0	0
2.74388	0	0	0
      0	0	0	0
 5.6787	0	0	0
3.40119	0	0	0
0.126818	0.0637465	0	0
5.98994	0	0	0
2.15581	0	0	0
4.41834	0	0	0.100031
 3.0992	0	0	0
 4.7642	0	0	0
 5.3301	0	0	0
 7.6022	0	0	0
6.08747	0	0	0.445015
1.87856	0	0	0
 8.8176	0	210.614	0
0.046373	0	0	0
0.077008	0	0	0
2.68586	0	0	0
7.03864	0	0	0
5.37324	0.597072	0	0
 6.2743	0	0	0
7.85991	0	0	0
7.91598	1879.44	0	0
8.61268	0	0.0363781	0
0.439357	0	0	0
7.31422	0	0	0
 6.8977	0	0	0
4.89522	0	0	0
4.26568	0	0	0
3.89825	0	0	0
5.94609	0	0	0
5.18339	1019.1	0.467529	0
7.17631	0	0	0
5.79853	0	0.0460775	0
2.14494	0	0	0
6.30999	0	0	0
5.98692	0	0	0
0.120137	0	0	0
      0	0	0	0
1.40157	0	0	0
8.36319	0	0.0129522	0
5.74987	0	0	0
7.92196	0	0	0
2.78761	0	0	0
0.0593803	0	0	0
7.13488	0	0	0
3.41028	0	0	0
5.46958	0	0	0
6.87358	1458.21	0	0
 5.8034	0	0	0
7.54376	0	0	0
      0	0	0	0
6.98693	0.180007	0	0
5.54965	0	0	0
5.82508	0.00790391	0	0
7.11844	0	0	0
6.05192	0	0	0
3.22172	0	0	0
2.85041	0	0	0
8.01938	0	0	0
6.39931	0	0	0
 7.9189	0	0	0
      0	0	0	0
2.58958	0.0551613	0	0
      0	0	0	0
7.41795	0	0	0
0.218226	0	0	0
4.30467	0	0	0
      0	0	0	0
3.18652	0	0	0
3.73343	0	0	0
5.38628	0	0	0
3.90896	0	0	0
      0	0	0	0
5.21356	0	0	0
      0	0	0	0
3.82004	0	0	0
7.98728	0	0	0
6.27895	0	0	0
2.56214	0	0	0
0.160908	0	0	0
4.91564	0	0	0
3.77148	0	0	0
8.13119	0	0	0
7.96854	0	0	367.019
6.03495	0	0	0
4.90644	0	0	0
1.10827	0	0	0
0.41312	0	0	0
3.22231	0	0	0
      0	0	0	0
7.39127	0	0	0
4.68498	0	0	0
7.56043	0	0	0
1.86388	0.256945	0	0
0.0781811	0	0	0
7.86293	0	0	0
5.56929	0	0	0.00116249
 4.3681	0	0	0
      0	0	0	0
4.65338	0	0	0
4.69096	0	0	0.193808
3.95705	0	0	0
0.0241529	0	0	0
5.06039	0	0	0
0.0318564	0	0	0
3.02173	0	0	0
0.0478119	0	0	0
6.52093	0	0	0
8.41542	0	0	0
4.78926	0	0	0
7.75967	0.0174594	0	0
6.49449	0	0	0.313388
4.72019	0	0	0
6.66834	0	0	0
0.0979834	0	0	0
  5.719	0	0	0
6.79391	0	0	0
0.143039	0	0	0
 6.9916	0	0	0
7.95466	0.293566	0	0
8.12354	0	0	0
 8.2884	2326.92	0	0
4.25017	0	0	0
0.210884	0	0	0
3.91313	0	0	0
      0	0	0	0
5.14153	0	0	0
 0.1939	0	0.100723	0
3.75928	0	0	0
2.88048	0	0	0
7.81982	0	0	0
0.00191703	0	0	0
0.0223602	0	0	0
7.98743	0	0	0
      0	0	0	0
5.38287	0	0	0
5.13219	0	0	0
1.63987	0	0	0
6.13662	1376.39	0	4.3951
      0	0	0	0
      0	0	0	0
7.56576	0	0	0
3.41625	0.140517	0.931071	0
7.49899	0	0	0
 2.5512	0	0	0
4.40584	0	0	0
6.05546	0	0	0
8.01584	0	0.0199922	0
6.48356	0	0	0
3.92293	0	0	0
6.15695	0	0	0
0.114787	0	0	0
5.89939	0	0	0
5.85482	0	0	0
0.0940378	0	0	0
0.0530766	0	0	0
0.853678	0	0	0
0.181837	0	0	0
0.0853204	0	0	0
7.81869	0	0	0
5.99464	0.0201701	0	0
7.50222	0	0	0
2.94084	0	0	0
7.31505	0	0	0
6.58379	0	0	0
6.00507	0	0	0
4.48365	0	0	0
      0	0	0	0
 5.8431	0	0	0
6.98805	0	0	0
5.05927	0	0	0
4.19828	0	0	0
 6.7716	0	0	0
6.64745	2665.25	0	0
4.33191	0	0.0579259	0
0.0865871	0	0	0
8.34918	0	0	0
4.55157	0	0	0
5.88163	0	0	0
 5.5475	0	0	0
6.97573	0	0	0
5.57348	0	0	0
7.06796	0	0	0
2.93803	0	0	0
7.08449	0	0	55.9949
0.116923	0	0	0
5.19703	0	0	0
6.22413	0	0	0
7.90114	2358.63	0	0
4.74756	0	0	0
8.31032	0	0	0
2.01724	0	0	0
7.28735	0.283654	0	0
3.68236	0	0	0
4.74698	0	0	0
3.88629	0	0	0
0.177903	0	0	0
4.76057	0	0	0
8.24355	0	0.0542003	0
0.190496	0	0	0
7.97122	0	0.219576	0
7.27464	0	0	0
0.0197228	0	0	0
6.56176	0	0	0
0.0116811	0	0	0
7.01774	0	0	0
0.0876441	0	0	0
7.67081	0	0	0.592818
 5.5996	0	0	0
0.0581199	0	0	0
2.87936	0	0	0
2.87015	0	0	0
0.212767	0	0	0
0.158668	0	0	0
7.38387	2247.72	0	0
6.44779	604.233	0	0
7.86203	0	0	0
7.79531	0	0	0
4.01784	0	0	0
8.01609	0	0	0
7.02457	0	0	0
0.116651	0	0	0
6.82066	0	0	0
0.0776737	0	0	0
7.92238	0	0	0
6.86299	0	0	0
3.60215	0	0	0
0.173857	0	0	0
0.209658	0	0	0
5.48292	0	0	0
0.101426	0	0	0
6.26887	0	0	0
8.18967	0.00279049	0	0.175083
1.17522	0	0	0
0.120944	0	0	0
0.375401	0	0	0
0.120109	0	0	0
0.100953	0	0	0
8.34099	2297.03	0.0542271	0
0.0560538	0	0	0
4.76773	0	0	0
5.40216	0	0	0
7.49269	0	0	0
6.03857	0	0	0
0.0299674	0	0	0
5.58365	0.0603702	0	0
 7.1687	0	0	0
6.93828	669.936	0	0
1.58469	0	0	0
0.134449	0	0	0
6.78584	0	0	0
8.39716	0	0	0
5.68948	0	0	0
6.82253	0	0	0
2.34138	0	0	0
 2.9399	0	0	0
7.71703	0	0	168.453
4.31788	0	0	0
4.49635	0	0	0
      0	0	0	0
0.0298568	0	0	0
4.71187	0	0	0
4.84806	0	0	0
8.53786	0	0.04272	0
8.13426	0	0	156.831
0.0256271	0	0	0
0.959062	0	0	0
 7.6618	0	0	0
0.150982	0	0	0
8.73511	0	0.00698073	140.842
7.04076	0	0	0
 4.5332	0	0	0
8.04392	0	0	0.00994667
4.96792	0	0	0
6.93947	0	0	0
 6.0246	0	0	0
      0	0	0	0
0.318978	0	0	0
3.80045	0	0	0
7.91289	0	0	0.0686515
4.00487	0	0	0
0.148239	0	0	0
      0	0	0	0
7.40174	0	0	0
7.94758	0.0516362	0	0
5.02651	0	0	0
0.0561839	0	0	0
3.41117	0	0	0
 3.9568	0	0	0
5.57168	0	0	0
8.34825	0	0.051307	0
2.77459	0	0	0
4.33017	0	0	0
5.37198	0	0	0
 5.4318	0	0	0
6.61672	0	0	0
2.78994	0	0	0
4.00681	0	0	0
6.69284	0	0	0
4.63433	0	0	0
0.0674192	0	0	0
7.15183	0	0	0
2.68173	0	0	0
4.35122	0	0	0
3.34178	0	0	0
8.23259	0	0	0
      0	0	0	0
0.356364	0	0	0
6.05222	0	0	0
6.85763	0	0	239.312
4.69787	0	0	0
2.83166	0	0	0
7.12278	0	0	0
8.18955	0	0	0
6.60916	0	0	0
3.16503	0	0	0
1.20294	0	0	0
0.0765401	0	0	0
 8.1736	0	0	0.363072
0.108032	0	0	0
4.48271	0	0	0
6.87213	0	0	0
2.66975	0	0	0
 6.5338	0	0	0
      0	0	0	0
8.45891	0	0.0604073	0
8.11418	0	0.0298742	0
8.49844	0	258.933	0
 4.8466	0	0	0
7.79417	0	0	0
 4.6063	0	0	0
7.30044	0	0	0
5.09079	0	0	0
3.32741	0	0	0
0.56937	0	0	0
0.276079	0	0	0.0352327
3.43747	0	0	0
6.97026	0	0	0
2.98496	0	0	0
 4.2773	0	0	0.164993
4.68192	0	0	0
0.178689	0	0	0
0.19508	0	0	0
7.27789	0	0	0
3.67495	0	0	0
3.29353	0	0	0
 7.2062	0	0	0
2.52155	0	0	0
3.09489	0	0	0
0.787769	0	0	0
2.19294	0	0	0
7.52653	0	0	0
0.0595497	0	0	0
      0	0	0	0
3.52305	0	0	0
2.01294	0	0	0
7.86304	0	0	0
3.41767	0	0	0
2.98381	0	0	0
7.33291	0	0	0
0.106361	0	0	0
0.138966	0	0	0
6.57151	0	0	0
3.53903	0	0	0
      0	0	0	0
7.87979	0	0	0
4.32524	0	0	0
      0	0	0	0
7.42024	0	0	0
7.26349	0	0	0
4.38304	0	0	0
1.95684	0	0	0
      0	0	0	0
6.46197	0	0	0
3.67721	0	0	0
6.68093	0	0	0
5.02612	0	0	212.798
2.60253	0	0	0
8.06899	0	0	0
 3.2843	0	0	0
4.89003	0	0	0
4.39731	0	0	0
0.841066	0	0	0
0.236452	0	0	0
8.62919	2667.23	0.027861	0
4.06822	0	0	0
7.88316	0	0	0
      0	0	0	0
0.210621	0	0	0
4.56997	0	0	0
6.55223	0	0	0
 7.8924	0	0	0
0.21237	0	0	0
0.132929	0	0	0
4.16144	0	0	0
7.93143	0	0.449938	0
0.0700335	0	0	0
 4.7611	0	0	0
  4.706	0	0	0
3.50361	0	0	0
      0	0	0	0
 2.2757	0	0	0
5.95024	0	0	0
      0	0	0	0
3.88807	0	0	0
8.18631	0.00732143	0	0
2.65038	0	0	0.247169
6.31156	0	0	0
7.40614	0	0.114993	0
      0	0	0	0
6.02456	0	0	0
7.59282	0	0	0
0.0607587	0	0	0.117944
4.07248	0	0.137618	0
5.24486	0	0	0
6.19809	0	0	1.50699
4.79044	0	0	0
4.56532	0	0	0
8.56344	0	0.0828071	0
7.20465	0.129608	0	0
      0	0	0	0
0.164776	0	0	0
7.33886	0	0	0.0363906
0.0540718	0	0	0
5.37644	247.726	0	0
7.63522	0	0	0
      0	0	0	0
6.03172	0	0.149214	0
6.54349	0	0	0
3.91484	0	0	0
7.78427	0	0	0
0.168364	0	0	0
0.152869	0	0	0
0.0255762	0	0	0
0.0761649	0	0	0
0.0434867	0	0	0
5.66319	0	0	0
6.23867	0	0	0
5.36325	0	0	0
5.24276	0	0	0
4.64647	0	0	0
 7.4134	0	0	0
 5.7482	0	0	0
1.34919	0	0	0
4.41078	0	0	0
7.84387	0	0	0
8.53154	0	274.611	0
7.70406	0.0246496	0	0
5.88241	0	0	0
4.72038	0	0	0
5.32612	0	0	0
      0	0	0	0
0.0927556	0	0	0
7.64393	0	0	0
6.16512	0	0	0
5.61697	0	0	0
7.57331	0	0.201839	0
3.71472	0	0	0
4.55863	0	0	0
5.60569	0	0	0
5.97129	0	0	0
6.00124	0	0	0
1.58777	0	0	0.419849
6.61293	0	0	0
3.77679	0	0	0
3.01674	0	0	0
5.88221	2670.3	0	0
2.54711	0	0	0
5.47653	0	0	0.281497
8.03957	0	0	0
3.84659	0	0	0
0.0660065	0	0	0
6.93376	0	0	0
3.89537	0	0	0
3.70337	0	0	0.289149
6.76485	0	0	0.0179737
4.13126	0	0	0
      0	0	0	0
0.290867	0	0	0
0.141025	0	0	0
      0	0	0	0
4.99176	0	0	0
2.59809	0	0	0
1.47085	0	0	0
3.58751	0	0	0
7.49985	0	0	0
0.152125	0	0	0
8.27019	0	0	0
7.96051	0	0	0
5.59936	0	0	0
8.09183	0	0	0
0.131843	0	0	0
8.29063	0	0.79812	0
0.0228727	0	0	0
0.624504	0	0.12133	0
6.97856	0	0	0
0.127827	0	0	0
8.13475	0	0	0
0.048331	0	0	0
5.68773	0	0	0
7.57103	0	0.225687	0.167257
2.18373	0	0	0
0.0665881	0	0	0
7.24633	0	0	0
6.70021	0	0	0
0.0993406	0	0	0.09727
5.69872	0	0	0
7.59817	0	0	0
 5.2914	0	0.134371	0
5.66076	0	0	0.0342308
1.98437	0	0	0
4.71161	0	0	0
      0	0	0	0
0.0108282	0	0	0
7.14604	0	0	0
6.46042	0	0	0
5.58673	0	0	0
7.88291	0	0.0714382	0
7.42464	0	0	0
0.0489285	0	0	0
4.04439	0	0	0
7.34934	0	0	0.133902
0.073465	0	0	0
2.01192	0	0	0
0.174135	0	0	0
0.0629885	0	0	0
6.15546	3432.77	0	0
6.43462	203.281	0	0
8.41791	0	0	0
5.29764	0	0	0
      0	0	0	0
6.59048	0	0	0
  7.556	0	0	0
0.120162	0	0	0
5.76101	0	0	4.30135
7.83532	0	0	0
5.24014	0	0	0
0.152274	0	0	0
1.31018	0	0	0
8.27668	0	0.296652	0
8.56038	0	0	0
7.63991	0	0	0
7.17453	2500.09	0.140071	0
0.0337607	0	0	0
1.99022	0	0	0
    3.1	0	0	0
 7.9718	0	0	0
7.78003	0	0	0
4.47115	0	0	0
6.71546	0	0	0
3.43111	0	0	0
6.17627	0	0	0
6.15174	0	0	0
0.152591	0	0	0
5.81297	0	0	0
6.50442	0	0	0
7.57471	0	0	0.0867273
7.95825	0	0	0
0.027146	0	0	0
0.105765	0	0	0
7.51988	0	0	0
0.0205952	0	0	0
5.28009	0	0	0.342105
5.89854	0	0	0
2.60728	0	0	0
      0	0	0	0
1.54515	0	0	0
 4.1878	0.0287429	0	0
      0	0	0	0
6.07346	0	0	0
5.27364	0	0	0
2.57892	0	0	0
7.77981	1849.41	0.0858442	0
0.0778704	0	0	0
5.79425	0	0	0
6.85786	0	0	0
1.59737	0	0	0
8.22542	0.0206926	5.53055	0
6.97834	0	0.988941	0
5.76373	0	0	0.286555
6.07098	0	0	0
7.46155	0	0	0
8.20763	0	0	0
4.88762	0	0	0
7.18853	0	0.294544	0
6.55217	0	0	0.978158
2.60473	0	0	0
7.70421	0	0	0
 7.1911	0	0	0
0.127486	0	0	0
0.0513683	0	0	0
 4.9262	0	0	0
3.93607	0	0	0
5.38675	0	0	0
      0	0	0	0
7.78136	0	0	0
4.75778	0	0	0
5.68923	0	0	0
4.54073	0	0	0
8.53578	0	0	0
      0	0	0	0
5.68048	0	0	0
 2.1986	0	0	0
0.0426391	0	0	0
0.0384334	0	0	0
2.44578	0	0	0
7.67874	0	0	0
6.64815	0.0315031	0	0
0.0230678	0	0	0
2.75855	0	0	0
7.26785	0	0	0.00576191
7.36227	0	0	0
7.98863	0	0.0304461	0
7.08873	2815.62	2.13092	0
7.69124	0	0	0
7.30947	0.0764541	0	0
 3.9605	0	0	0
4.42164	0	0	0.0285129
0.030276	0	0	0
0.0357877	0	0	0
0.145387	0	0	0
6.96831	0	0	0
      0	0	0	0
2.94733	0	0	0
2.86806	1.46192	0	0
 6.6855	0	0	0
6.22937	0	0	0
 7.0681	0	0	0
7.12639	0	0	0
7.15927	0	0	0
2.24713	0	0	0
1.62034	0	0	0
      0	0	0	0
6.07096	0	0	0
3.28246	0	0	0
0.0899613	0	0	0
 5.6528	0.11823	0	0
0.0729287	0	0	0
 6.0325	0	0	0
7.67585	0	0.13441	0
 7.6141	0.00678109	0	0
5.95197	0	0	0
7.80103	0	0	0
1.53172	0	0	0
0.0979457	0	0	0
4.94366	0	0	0
0.237327	0	0	0
7.57012	0	0	0
6.46413	0	0	0
7.72364	0	0	0
 5.4327	0	0	0
0.0192538	0	0	0
6.84457	0	0	0
7.77484	0	0	0
5.72079	0	0	0
8.06467	0	0	0.0478348
7.36542	0.0408998	0	0
2.99383	0	0	0
2.23634	0	0	0
6.56453	0	0	0
5.59395	0	0	0
4.89362	0	0	0
0.493032	0	0	0
3.10006	0	0	0
6.61425	2869.95	0	0
6.02621	0	0	0
7.08401	0	0	0
8.18496	0	0.0277723	0
7.41568	0	0	0
7.25061	0	0	0
3.74244	0	0	0
5.55948	0	0	0
6.86955	0	0	0
5.28979	0	0	0
4.97206	0	0	0
4.93576	0	0	0
7.39285	0	0	0.827915
      0	0	0	0
4.92849	0	0	0
3.78245	0	0	0
7.32034	0	0	0
6.88846	0	0	0.0668253
6.53201	15.2366	0	0
7.00023	0	0	0
0.152733	0	0	0
      0	0	0	0
6.94819	0	0	0
5.98691	0	0	0.161279
7.81697	0	0	0.137793
3.21516	0	0	0
0.780925	0	0	0
7.39003	0	0.0606185	744.371
7.46156	0	0	0
7.96303	0.0332868	0	0
4.26518	0	0	0
8.07672	0	0.232174	0
      0	0	0	0
4.82162	0	0	0
1.05919	0	0	0
7.55185	0	0	0
6.57966	1312.27	0	0
0.302391	0.0156054	0	0
4.01123	0	0	0
4.95457	0	0	0
0.205271	0	0	0
5.25253	0	0	0
3.43332	0	0	0
 6.2103	0	0	0
6.67369	0	0	0
7.22495	0	0	0
7.70012	0	0	0
5.97341	0	0	0
3.62307	0	0	0
2.64198	0	0	0
8.26425	0	0.0576677	215.889
      0	0	0	0
2.69716	0	0	0
4.38985	0	0	0
1.97119	0	0	0
 7.1509	0.190479	0	0
6.34983	0	0	0
0.10835	0	0	0
6.65362	0	0	0
5.93509	1347.92	0	0
      0	0	0	0
 3.1763	0	0	0
6.06276	0	0	0
8.68855	0	1480.83	8.93262
3.29447	0	0	0
4.51475	1367.4	0	0
7.25469	0	0	0
4.97812	0	0	0
7.99086	0	0	0.129874
2.02343	0	0	0
7.68291	0	0	0
0.0507268	0	0	0
8.17903	0	0	0
8.05222	0	0	0
4.06813	0	0	0
7.68305	0	0	0
3.26819	0	0	0
0.237976	0	0	0
      0	0	0	0
0.0805529	0	0	0
 7.8656	0	0.0112584	817.012
0.107423	0	0	0
7.71224	0	0	0.0498379
5.93265	0	0.0090568	0
7.54727	0	0	0
7.10032	0	0	0
0.127541	0	0	0
 4.8035	0	0	0.681149
5.18692	0	0	0
 7.4293	2820.47	5.91302	0
8.48363	0	298.576	198.467
5.85146	0	0	0
 8.0865	0	0	0.0257022
      0	0	0	0
  7.051	0	0	0
6.72328	0	0	0
8.05475	0	0	0
3.83392	0	0	0
0.190726	0	0	0
1.48692	0	0	0
7.85241	0	0	0
3.32983	0	0	0
7.79788	0.0450644	0	0
6.98138	0	0	0.119693
4.46681	0	0	0
2.50398	0	0	0
8.20491	0	0	0
6.71868	0	0	0
7.12927	0	0	0
5.39991	0	0	0
5.74007	0	0	0
8.58183	0	0.329379	0
2.89833	0	0	0
0.223878	0	0	0
5.19925	0	0	0
0.214731	0	0	0
7.01175	0	0	321.23
0.0375933	0	0	0
7.27048	0	0	0.155811
4.87426	0	0	0
5.49932	0	0	0
3.59165	0	0	0
6.09511	0	0	0
4.30091	0	0	0
3.15063	0	0	0
0.159434	0	0	0
6.96669	2531.3	0.00236203	0
7.03088	0	0	326.255
      0	0	0	0
0.10748	0	0	0
3.90443	0	0	0
0.177506	0	0	0
7.94604	0	0	0.094884
3.03047	0	0	0
4.38367	0	0	0
5.02213	0	0	0
8.10194	0	696.974	0
0.382685	0.0965964	0	0
7.68853	0	0	0
 8.2779	0	938.434	2.34546
2.27903	0	0	0
7.76191	0	0	0
0.162378	0	0	0
4.18214	0	0	0
      0	0	0	0
6.60868	0	0	0
7.24567	0	0	0
5.95287	0	0	0
3.03227	0	0	0
6.54327	0.00806507	0	0
7.90684	0	0	363.419
2.22334	0	0	0
3.35402	0	0	0
8.06019	0	0	0
7.34773	0	0	35.5306
3.98451	0	0	0
8.12676	0.0460597	0.013779	0
3.98821	0	0	0
0.0930537	0.0152471	0	0
6.88813	0	0	0
5.82082	0	0	0
0.283888	0	0	0
6.68334	0	0	246.447
0.0673388	0	0	0
3.06919	0	0	0
6.01593	0	0	0
5.62829	0	0	0
0.217317	0	0	0
 3.1497	0	0	0
7.77286	0.000743245	0	0
  7.854	0	0	0
7.58979	0	0	336.012
0.124229	0	0	0
2.46591	0	0	0
0.12827	0	0	0
7.75081	0	587.723	0
      0	0	0	0
      0	0	0	0
      0	0	0	0
6.52892	0	0	0
8.17434	623.1	0	0
5.49428	0.0470197	0	0
4.63093	0	0	0
6.64685	0	0	0.09645
5.18497	0	0	0
3.64687	0	0	0
3.25783	0	0	0
0.112078	0	0	0
      0	0	0	0
4.41312	0	0	0
5.74115	0	0	0
6.94513	0	0	0
7.70783	0	0	0
6.51577	0	0	0
2.73817	0	0	0
1.07871	0	0	0
0.0827024	0	0	0
2.94494	0	0	0
6.60239	0	0	0
2.99777	0	0	0
6.01801	0	0	0
0.0284755	0	0	0
6.57308	0	0	0.608559
0.170456	0	0	0
5.99773	0	0	0
      0	0	0	0
0.277824	0	0	0
8.71813	0.0121859	0.200394	0
      0	0	0	0
3.86833	0	0	0
0.126639	0	0	0
0.24379	0	0	0
0.0360678	0	0	0
8.69793	0	1546.04	5.77351
2.75302	0	0	0
6.82753	0	0	0
6.32355	0	0	0
2.60789	0	0	0
  3.767	0	0	0
1.65442	0	0	0
6.78574	0	0	0
8.23877	0	0	0
5.60387	0	0	0
      0	0	0	0
6.64477	0	0	0
2.86883	0	0	0
2.78339	0	0	0
5.53785	0	0	0
4.63988	0	0	0
5.68608	0	0	0
2.06746	0	0	0
7.74601	0	0	0
6.10626	0	0	0
7.10986	0	0	0
5.04642	0	0	0
5.47925	0	0	0.0597967
3.85411	0	0	0
6.23019	0	0	0
6.05318	0	0	0
5.45538	0	0	0
6.47378	0	0	0
0.103348	0	0	0
4.35428	0	0	0
7.51996	0	0	0
6.68028	0	0	0.705272
4.47252	0	0	0
1.39653	0	0	0
      0	0	0	0
8.19296	0	0.0345804	0.209924
0.228566	0	0	0
6.12033	0	0	0
7.59024	2196.77	0	0
      0	0	0	0
8.49351	0	70.0217	0.0684846
      0	0	0	0
3.23447	0	0	0
4.29132	0	0	0
 8.3735	0.000228286	0	0
7.19031	0	0	0
 7.9059	1094.61	0	0
5.36586	0	0	0
      0	0	0	0
0.677749	0	0	0
0.0489373	0.0149047	0	0
6.47713	0.136439	0	0
6.66345	0	0.119153	0
0.216027	0	0	0
6.95832	2847.81	0	0
7.13768	0	0	0.109289
8.57875	0.231112	0	0
1.95352	0	0	0
4.96148	0	0	0
4.96611	0	0	0
6.99426	0	0	0
 4.3928	0	0	0
      0	0	0	0
3.76002	0	0	0
5.69137	0	0	0
8.17463	0	0.150585	0
7.24156	0	0	0
5.27712	0	0.416496	0
 4.9756	0	0	0
0.0999815	0	0	0
 2.7533	0	0	0
2.33439	0	0	0
7.72616	0	0	0
3.00622	0	0	0
0.0962541	0	0	0
 6.3696	0	0	0
0.183005	0	0	0
4.07735	0	0	0
1.68256	0	0	0
6.84871	0	0	0
5.08636	0	0	0
0.0677055	0	0	0
4.41084	0	0	1.172
7.14113	0	0	0
6.02894	0	0	0
3.65236	0	0	0
4.82256	0	0	0
5.18049	0	0	0
 1.3503	0	0	0
8.26756	0	0	0
3.74245	0	0	0
6.41127	0	0.0425914	0.101234
0.0633914	0	0	0
0.0791119	0	0	0
 3.2766	0	0	0
5.94464	0	0	0
 6.7393	0	0	0
6.68705	0	0	0.426298
0.0770603	0	0	0
 6.0309	2373.05	0.0979568	0
0.105251	0	0	0
0.152751	0	0	0
5.43465	0	0	0
7.35088	0	0	0
0.0985506	0	0	0
0.0375218	0	0	0
7.74016	0	0.0867109	0
5.23682	0	0	0
7.86015	0	0	0
7.61319	0	0	0
6.01299	0	0	0
7.17328	0	0	0
6.74276	691.748	0	0
 7.4518	0	0	0
7.88034	0	0	0
7.23461	0	0	0
7.57999	2326.84	0	0
4.42961	0	0	0
7.96864	0	0	0
4.49498	0	0	0
8.22636	0.0279901	0.102487	0
      0	0	0	0
5.93792	0	0	0
1.52849	0	0	0
0.156163	0	0	0
4.76685	0	0	0
7.03154	0	0	0
7.39593	0	0	0
      0	0	0	0
5.15085	0	0	0
4.88703	0	0	0
7.77656	2426.42	7.97459	0
0.140333	0	0	0
1.98584	0	0	0
7.42777	0	0.213699	0
5.45001	0	0	0
4.71477	0	0	0
6.92978	0	0	0.0168724
7.94877	0	0.122659	0
4.30325	0	0	0
 4.4873	0	0	0
4.21304	0	0	0
2.52561	0	0	0
0.211453	0	0	0
3.99706	0	0	0
0.138105	0	0	0
8.16625	0	0	0
7.48287	0	0	0
5.33771	0	0	0
2.61663	0	0	0
0.0634654	0	0	0
7.41497	0	0	0
8.34815	0	0.093052	0.334847
1.51626	0	0	0
 3.9938	0	0	0
3.05505	0	0	0
6.42938	0	0	0
4.98231	0	0	0
      0	0	0	0
6.21565	0	0	0
0.0570313	0	0	0
 2.4664	0	0	0
8.23256	0.507653	0	0
 8.0759	0	0	0
8.07007	0	0	0.0595254
0.0766506	0	0	0
 7.2563	0	0	793.597
6.69182	0	0	0
 4.4084	0	0	0
1.35849	0	0	0
      0	0	0	0
3.18223	0	0	0
4.66805	0	0	0
0.0632598	0	0	0
7.99045	0	0	0
 7.1624	0	0	0
5.02967	0	0	0.435577
5.06906	0	0	0
 1.1374	0	0	0
  8.019	0.0154882	0	0
1.54297	0	0	0
7.09436	0	0	0
7.93533	0	0	571.162
5.38974	0	0	0
4.27501	0	0	0
3.18484	0	0	0
      0	0	0	0
6.09659	0	0	0
 8.0884	2434.79	0	0
2.80999	0	0	0
7.46851	0	0	0
0.229724	0	0	0
7.07694	0	0	0
0.197023	0	0	0.0417664
0.025181	0	0	0
4.14457	0.00264828	0	0
4.35375	0	0	0
6.92245	0	0	0
8.41638	74.7756	0	0
7.50945	0	0	0.0932151
7.53438	0	1.37538	0
7.78694	0	0	0
6.21956	0	0	0
0.0118339	0	0	0
4.29804	0	0	0
6.26019	0	0	0
5.27732	0	0.0395033	0
      0	0	0	0
6.39315	0	0	0
8.11425	0	0.189688	0
 3.3441	0	0	0
7.32028	0	0	0
1.75121	0	0	0
 5.3315	0	0	0
      0	0	0	0
5.37915	0	0	0
3.99557	0	0	0
7.37785	0	0	227.417
      0	0	0	0
7.22084	0	0	0
0.0337317	0	0	0
8.48532	0	0.0961621	0
6.72755	0	0.0926203	0
7.45646	0	0	0
 2.6032	0	0	0
5.69303	0	0	0
1.58754	0	0	0
7.86405	0	0	0
3.23635	0	0	0
8.05154	0.0865084	0	0
7.42112	0	0	0
8.51127	0	351.729	0
      0	0	0	0
  7.405	2113.84	0.0392976	0
8.41884	0	288.816	0
3.10453	0	0.0512931	0
      0	0	0	0
4.04037	0.452754	0	0
6.84996	2598.26	0	0
2.47954	0	0	0
7.28965	0.00650439	0	0
0.0675024	0	0	0
2.97859	0	0	0
0.0236579	0	0	0
1.83079	0	0	0
6.12548	0	0	0
4.67012	0	0	0
3.99402	0	0	0
7.80766	0	0	0
 3.6036	0	0	0
8.02782	0	0	0
 6.8328	0	0	1.85583
6.63793	0	0	0
7.14277	2850.56	0.36315	0
      0	0	0	0
7.91683	0	0.487069	0.0449185
8.39436	0.0041549	0	0
  7.622	0	0	0
6.52205	0	0	0
      0	0	0	0
2.99523	0	0.0101516	0
4.09412	0	0	0
0.0619719	0	0	0
2.94851	0	0	0
4.00831	0	0	0.265717
8.22133	759.904	0	0.0444752
6.09706	2450.44	0	0
4.73876	0	0	0
6.19398	0	0	0
2.35924	0	0	0
5.60331	0	0	0
4.15045	0	0	0
7.32968	0	0	0
4.58336	0.0214014	0	0
8.46959	0	596.021	0
6.31699	0	0	0.0140706
1.24161	0	0	0
0.260214	0	0	0
      0	0	0	0
5.58569	0	0	0
 7.6496	0	0	0
7.43393	0	0	0
      0	0	0	0
 6.3218	0	0	0
4.44558	0	0	0
7.94469	0	0	0
1.13137	0	0	0
0.0452186	0.0983428	0	0
8.46146	0	457.383	0
 2.1577	0	0	0
5.49297	0	0.550622	0
 3.9482	0	0	0
6.29644	0	0	0
 2.4063	0	0	0
6.95475	0	0.0757521	0.140976
8.72101	0	0.236515	0
3.27871	0	0	0
5.12617	0.13014	0	0
7.04206	0.0334666	0	0
6.83972	0	0	0
 6.3836	0	0	0
3.88028	0	0	0
6.81488	0	0	0
6.11467	0	0.0851845	0
5.70154	0	0	0
3.80093	0	0.0852796	0
      0	0	0	0
1.31117	0	0	0
2.88097	0	0	0
0.0220263	0	0	0
0.220606	0	0	0
6.26072	0.0153316	0	0
      0	0	0	0
3.28957	0	0	0
 7.2994	0	0	0
7.64535	0	0	0
0.0678657	0	0	0
6.20065	0	0	0
8.24084	0	0.0158065	0
4.45301	0	0	0
2.02576	0	0	0
0.156503	0	0	0
 4.7085	0	0	0
6.52073	2447.85	0.492846	0
1.78583	0	0	0
6.51547	0	0	0
 5.4384	0	0	0
 8.3806	0	0	0
0.210531	0	0	0
0.109666	0	0	0
7.50733	0	0	0
 8.0583	0	0.155493	0
5.95206	0	0	0
0.24533	0	0	0
4.81153	0	0	0
4.32765	0	0	0
3.10043	0	0	0
6.99494	0	0	0
1.09817	0	0	0
6.85023	0	0	0
6.10116	0	0	0.291027
9.15303	0	277.827	0
      0	0	0	0
6.72815	0	0	0
7.85528	0	0	0
3.92423	0	0	0
5.75833	0	0	0
7.90932	1474.33	0.095755	0
0.102318	0	0	0
7.98597	0	2.82299	0
7.99673	0	0	0
7.46393	0	0	0
      0	0	0	0
0.13678	0	0	0
0.337345	0	0	0
8.23245	0	0	0
0.150106	0	0	0
7.51549	0	0	0
0.010104	0	0	0
      0	0	0	0
4.45619	0	0	0
0.0739804	0	0	0
6.93219	0	0	0
7.19337	0	0	0
4.09164	0	0	0
6.86978	0	0	0
 5.7561	0	0	0
 7.2887	0	0	0
0.191737	0	0	0
6.66567	0	0	0
3.48586	0	0	0
5.43395	0	0	0
7.09511	0	0.105306	769.944
5.76321	0	0	0
0.0383238	0	0	0
7.83495	0	1.22204	251.813
5.64238	0	0	0
 7.7886	0	0	0
5.76278	0	0	0
0.153794	0	0	0
0.274492	0	0	0
1.71973	0	0	0
5.47803	0	0	0
0.738541	0	0	0
0.0395995	0	0	0
0.266528	0	0	0
0.177204	0	0	0
0.121537	0	0	0
8.43382	0	379.61	0
0.0828461	0	0	0
4.87613	0	0	0
0.338216	0	0	0
5.16988	0	0	0
6.83548	0	0	0
4.25713	0	0.0197099	0
5.93522	0	0.184751	0
0.0696701	0	0	0
      0	0	0	0
7.53022	0	0	0
7.76874	0	0	553.368
7.98412	0	0	0
7.53671	0.14141	0	0
7.58329	0	0	0.150155
7.72222	0	0	0
8.05974	0	0	0
5.69718	0	0	0
4.34343	0	0	0
0.232004	0	0	0
0.83707	0	0	0
0.261329	0	0.05873	0
7.03431	0	0	0
5.63107	0	0	0
 4.1979	0	0	0
7.91017	0	293.128	0
4.30023	0	0	0
7.89849	0	0	0.234093
7.50449	0	0	0
7.62558	0	0	0
3.87588	0	0	0
6.01485	0	0	0
5.01282	0	0	0
8.21514	0	0.39537	0
5.17012	0	0	0
6.23296	0	0	0
6.49472	0	0	0
7.73074	0	0.797258	0
6.88791	0	0	0
4.42173	0	0	0
6.73733	0	0	0
3.59081	0	0	0
      0	0	0	0
0.0999094	0	0	0
3.72616	0	0	0
5.87264	0	0	0
4.36512	0	0	0
7.21185	0	0	0
4.61794	0	0	0
7.38484	0	0	0
3.39908	0	0	0
0.0274612	0	0	0
0.0206084	0	0	0
4.77565	0	0	0
6.40372	0	0	0
0.216033	0	0	0
5.49069	0	0	0
3.57261	0	0	0
6.58943	0	0	0
      0	0	0	0
      0	0	0	0
 5.7641	0	0	0
8.23807	0	743.911	0
8.41603	0	0	0
7.34657	0	0	0
0.273682	0	0	0
5.46085	0	0	0
2.46161	0	0	0
1.92689	0	0	0
0.0791156	0	0	0.236666
6.87888	0.0188183	0	0
0.126903	0	0	0
7.77915	0	0.0452424	1.42044
4.48139	0	0	0
0.0388981	0	0	0
 8.4963	0.0356181	909.926	24.1368
4.38197	0	0	0
0.166608	0	0	0
6.26856	0	0	0
6.35054	0	0	1.11708
      0	0	0	0
6.04282	0	0	0
6.33407	0	0	0
8.21613	0	0.124446	0
0.483382	0	0	0
6.37372	1931.08	0	0
0.0862156	0	0	0
0.0192362	0	0	0
2.68329	0	0	0
  6.416	0	0	0
0.0353471	0	0	0
6.44209	0	0.0190776	0
4.53813	0	0	0
6.75556	0	0	0
6.58985	0	0	0
6.11063	0	0	0
   4.01	0	0	0.0127699
  3.194	0	0	0
7.61027	0	0	0.115727
0.0288896	0	0	0
5.16409	0	0	0
6.73785	0	0	0
9.48471	1726.03	26.869	94.5598
8.11221	0	459.034	0
7.77027	0	0	0
0.108524	0	0	0
7.53084	0	0	0
5.78768	0	0	1.08066
0.0640658	0	0	0
7.55096	0	0	0
4.40351	0	0	0
3.94348	0	0	0
7.26941	0.0035518	0	0
6.37464	0	0	0
7.73295	0	0	0
0.0611763	0	0	0
0.00600457	0	0	0
6.66572	0	0	0
1.57945	0	0	0
0.132781	2.2507	0	0
0.0305299	0	0	0
4.15328	0	0	0
2.25111	0	0	0
0.158522	0	0	0
 7.2186	0	0	0
 8.1021	0	104.654	7.69231
4.40578	0	0	0
5.47763	0	0	0
5.82948	0	0	0
 3.6354	0	0	0
2.08198	0	0	0
      0	0	0	0
      0	0	0	0
0.0796753	0	0	0
0.156514	0	0	0
3.77126	0	0	0
0.08669	0	0	0
7.38939	557.586	0	0
8.13816	2340.7	4.35941	0
6.16099	0	0	0
5.66352	0	0	0
4.17488	0	0	0
0.13934	0	0	0
4.13316	0	0	0
2.53361	0	0	0
3.22825	0	0	0
1.87675	0	0	0
5.26747	0	0	0
5.21242	0	0	0
5.62538	0	0	0
4.88349	0	0	0
0.0377597	0	0	0
5.93413	0	0	0
6.85341	0	0	0
4.01645	0	0	0
3.68961	0	0	0
0.180346	0	0	0.909068
5.63603	0	0	0
0.119902	0	0	0
 8.3663	0	0	0.101905
7.29422	0	0.117421	0
4.31812	0	0	0
3.43962	0	0	0
3.37355	0	0	0
5.82888	0	0	0
8.00696	0	0	0.0112101
0.146969	0	0	0
7.44291	0	0	0
5.93663	0.0112442	0	0
6.78305	0	0	0
3.71787	0	0	0
0.179029	0	0	0
5.96664	0	0	0
5.81515	0	0	0
5.27318	0	0	0
4.04406	0.0294698	0	0
8.14168	0	0.0835496	0
7.67757	0	0	0
8.10997	0	346.519	0
3.88146	0	0	0
  8.475	0	788.233	0
7.68913	0	0	0
3.46225	0	0	0
 0.1184	0	0	0
6.81704	0	0	0
7.23838	0	0.363668	0
2.46117	0	0	0
5.91763	0	0	0
0.0767737	0	0	0
4.53318	0	0	0
 5.7037	0	0	0
6.78008	0	0	0.0967595
 6.4448	0	0	0
3.56307	0	0	0
5.81715	0	0.0583331	1072.15
0.0530705	0	0	0
8.17067	0	0	0
0.154232	0	0	0
4.94995	0	0	0
6.80732	0	0	0
 7.6552	0	0	0
7.38001	0	0	332.04
0.827365	0	0	0
      0	0	0	0
2.59408	0	0	0
2.07313	0	0	0
8.23274	0	506.103	0
6.21439	0	0	0
      0	0	0	0
5.94564	0	0	0.0649512
5.79261	0	0	0
 3.4456	0	0	0
6.21833	0.0216976	0	0
6.89969	0	0	0
5.63814	0	0	0
1.68137	0	0	0
6.56233	0	0	0.0634749
5.27788	0	0	0
4.33548	0	0	0
8.37883	0.00331656	837.881	0
5.62368	0	0	0
      0	0	0	0
5.27662	0	0	0
 6.7685	0	0	0
 4.1243	0	0	0
0.405076	0	0	0
7.51351	0	0	0
7.80843	0	0	0
2.69304	0	0	0
0.109196	0	0	0
8.15796	0	0.831983	0.0463007
 4.4199	0	0	0
 5.4646	0	0	0
6.72576	0	0	0
      0	0	0	0
0.0424053	0	0	0
5.66408	0	0	0
0.0308368	0	0	0
      0	0	0	0
5.71232	0	0	0
0.106136	0	0	0
1.90792	0	0	0
6.85861	0	0	0
8.24352	0	0	0
7.78549	0.0328361	0	0
7.61342	0	0	279.364
4.83861	0	0	0
5.50084	0	0	0
4.01618	0	0	0
8.04878	0	0	0
3.82981	0	0	0
 7.6023	0	0	0
0.181939	0	0	0
0.201661	0	0	0
3.88207	0	0	0
      0	0	0	0
7.20855	0	0	0.0610959
8.76634	0	4.03055	0
6.96717	0	0	0
4.90981	0	0	0.144469
2.72198	0	0	0
      0	0	0	0
6.45343	0	0	0
5.87927	0	0	0
3.42054	0	0	0
3.85923	0	0	0
7.14032	0	0	0
7.83017	0.109106	0	0
4.74964	0	0	0
4.42986	0	0	0
0.143399	0	0	0
      0	0	0	0
3.29606	0	0	0
4.20848	0	0	0
5.85362	0	0	0
0.0823879	0	0	0
3.00418	0	0	0.494448
6.14644	0	0	0
7.21262	0	0	0
0.0242379	0	0	0
      0	0	0	0
4.14367	0	0	0
6.52463	0	0	0
      0	0	0	0
3.39651	0	0	0
6.32961	0	0	0
7.77926	0	0	0
8.15848	0	0	0
8.40255	0	271.115	0
5.20543	0	0	0
6.57647	0	0	0
3.83691	0	0	0
7.75237	0	0	0.120957
0.0676569	0	0	0
 7.5471	0.0197718	0	0
7.28323	0	0	0
5.76304	0	0	0
0.126769	0	0	0
7.28844	0	0	0
 7.2092	0	0	0
7.41096	0	0	0
      0	0	0	0
5.01389	0	0	0
7.11731	0	0	0
8.46251	0	104.142	303.07
7.01819	0	0	0
0.0989246	0	0	0
7.99027	0	0	0
4.61526	0	0	0
 7.6254	0	0	0
4.86742	0	0	0
      0	0	0	0
0.0766521	0	0	0
6.14268	0	0	0.00989168
6.36179	0	0	0
0.0720693	0	0	0
5.32641	0	0	0
7.77215	0	0	0
7.68952	0	0	0
6.82205	0	0	0
5.23185	0	0	0
0.0839328	0	0	0
8.26993	0.008129	0	0
2.74239	0	0	0
 4.5156	0	0	0
5.38997	0	0	0
5.84203	0	0	0
5.09716	0	0	0
 5.3858	0	0	0
3.91943	0	0	0.21864
8.28641	0	0	683.393
6.18834	0	0	0
3.53111	0	0	0
6.63823	0	0	0
3.38736	0	0	0
3.74996	0	0	0
7.59223	0	0	0
 5.0234	0	0	0
5.70754	0	0	0
4.13236	0	0	0
6.96577	0	0.12345	0
4.87962	0	0	0
      0	0	0	0
7.03705	0	0	0
1.93694	0	0	0
5.79646	0	0	0
      0	0	0	0
5.34093	0	0	0
8.43282	0	0	0
4.83313	0.0492483	0	0
 3.6288	0	0	0
0.0137692	0	0	0
9.19847	0.046713	230.481	0
6.84321	0	0	0.865531
0.0218444	0	0	0
7.64296	0	0	0
0.0364023	0	0	0
3.28623	0	0	0
0.00546969	0	0	0
6.32419	0	0	0
7.49584	0.0159091	0	0
0.190445	0	0	0
8.28399	894.362	0	0
0.127742	0	0	0
6.80812	0	0	0.0794432
0.0973411	0	0	0
3.82353	0	0	0
7.00099	0	0	0
5.03435	0	0	0
0.281458	0	0	0
6.62124	1176.85	0	0
      0	0	0	0
0.49212	0	0	0
      0	0	0	0
0.117929	0	0	0
      0	0	0	0
8.27209	2346.24	20.7293	0
 7.7293	0	0	0
8.04297	0	0.0392435	0
0.175756	0	0	0
0.103986	0	0	0
3.00229	0	0	0
5.77082	0	0	0
7.80988	0	0	0
6.92817	0	0	0
7.64076	25.9697	0	0
5.95164	0	0	0.132566
2.35243	0	0	0
      0	0	0	0
2.59884	0	0	0
8.64057	0	35.4432	0
7.65704	0	0	0.426778
0.0496964	0	0	0
8.28592	0	0	0
      0	0	0	0
0.0457472	0	0	0
0.373666	0	0	0
 2.5587	0	0	0
7.07777	0	0	109.749
5.04885	0	0	0
0.111887	0	0	0
0.114228	0	0	0
0.432998	0	0	0
0.132293	0	0	0
6.80255	0	0	0
      0	0	0	0
1.93699	0	0	0
5.57873	0	0	0
6.51476	0	0	0
0.0711801	0	0	0
5.95147	0	0	0
4.93194	0	0	0
 6.3175	0	0.159697	0
0.154215	0	0	0
7.69148	0	0	0
      0	0	0	0
0.0893716	0	0	0
0.212244	0	0	0
7.22387	0	0	635.446
7.25059	0	0	0
7.53431	0	0.409959	0.338249
7.96918	0	388.427	1.90243
3.24747	0	0	0
2.88568	0	0	0
0.0510632	0	0	0
0.0471314	0	0	0
0.0777861	0	0	0
3.28936	0	0	0
4.29843	0	0	0
0.0823923	0	0	0
0.018256	0.0798589	0	0
0.0279889	0	0	0
5.02211	0	0.213201	0
 5.8919	0	0	0
6.91755	0	0	0
7.87491	0	0	0
5.76208	0	0	0
2.10752	0	0	0
7.21972	0	0	0
6.92493	0	0	0
3.23752	0	0	0
7.40485	0	0	0
7.69722	0.00181347	0	0
1.87335	0	0	0
3.20471	0	0	0
 6.5781	0	0	0
8.02891	0	0	0
0.0640891	0	0	0.22427
0.697326	0	0	0
4.78697	0	0	0
7.12648	4043.65	0	0
5.38877	0	0	0
3.76816	0	0	0
      0	0	0	0
5.76821	0	0	0.0510118
  1.476	0	0	0.182524
7.00901	0	0	0
6.88967	0	0	0
0.051161	0	0	0
3.11589	0	0	0
7.09422	0	0	0
2.56817	0	0	0
2.28396	0	0	0
5.23394	0	0	0
2.29256	0	0	0
4.97205	0	0	0
6.68233	0	0	0
4.84011	0	0	0
5.28234	0	0	0
6.94889	0	0	0
0.247173	0	0	0
0.235465	0	0	0
5.18283	0	0	0
0.101035	0	0	0
1.53482	0.1863	0	0
0.166436	0	0	0
4.28032	0	0	0
0.100816	0	0	0
      0	0	0	0
0.158777	0	0	0
0.117539	0	0	0
7.52837	0	0	0.0503855
0.0525107	0	0	0
4.48928	0	0	0
7.61566	0.0799002	0	0
 3.0653	0	0	0
5.79257	0	0	0
7.90708	0	0	0
2.64677	0	0	0
      0	0	0	0
5.61898	0	0	0
8.27527	0	331.585	0
2.56485	0	0	0
4.11106	0	0	0
 7.9618	0	0	0
4.22606	0	0	0
2.13351	0	0	0
4.78264	0	0	0
5.78296	0	0	0
4.89307	0	0	0
 4.2402	0	0	0
2.72284	0	0.623525	0
7.90542	0	0	0
      0	0	0	0
6.72539	0	0	0
4.14088	0	0	0
8.01194	0	0	0
4.61329	0	0	0
3.91611	0	0	0
0.0441924	0	0.144776	0
7.97217	0	1540.1	3.89224
7.10631	0	0	0
8.39984	0	0.146257	0
2.07943	0	0	0
0.229406	0	0	0
5.36411	0.019939	0	0
      0	0	0	0
5.21088	0	0	0
5.11103	0	0	0
4.90844	0.00055951	0	0
5.86323	0	0	0
7.34287	0	0	0
0.220537	0	0	0
2.38896	0	0	0
7.96881	0.000370969	0	0
0.0953145	0	0	0
7.99351	0	0	0
0.144196	0	0	0
 3.5895	0	0.323207	0
6.56875	0	0	38.8541
5.24062	0	0	0
6.20205	0	0	0
0.155479	0	0	0
7.29086	0	0	0.243556
3.21196	0	0	0
7.78925	0	0	0
7.19506	0.0436149	0	0
      0	0	0	0
5.28363	0	0	0
3.90292	0	0	0
0.193813	0	0	0
5.96699	0	0	0
7.79422	0	0	0
8.24827	0	0	0
4.87651	0	0	0
0.281192	0	0	0
      0	0	0	0
3.27883	0	0	0
6.44545	0	0	0
3.35077	0	0	0
2.56177	0	0	0
0.0049622	0	0	0
4.80776	0	0	0
8.07999	0	0	0.133857
      0	0	0	0
3.59524	0	0	0
      0	0	0	0
3.92386	0	0	0
4.62274	0	0	0
6.17001	0	0	0
6.12567	0	0	0
7.46715	0	0	0
4.01638	0	0	0
0.315771	0	0	0
6.63838	0	0	0
0.230859	0	0	0
 4.8847	0	0	0
 5.4454	0	0	0
0.0324691	0	0	0
4.23049	0	0	0
0.144876	0	0	0
8.04154	0	0	281.981
6.02588	1132.77	0	0.833338
3.04319	0	0	0
6.25878	1709.78	0	0
7.89733	0	0	0
6.15859	0	0	0
8.31186	0	0	0.1573
0.132915	0	0	0
0.0493111	0	0	0
4.97347	0	0	0
3.79914	0	0	0
6.23614	0	0	0
7.95751	0.0564832	0	0
5.42982	0	0.0992023	0
1.47579	0	0	0
 8.3696	0	0	0
1.93215	0	0	0
5.89517	0	0	0
0.0854742	0	0	0
      0	0	0	0
2.01294	0	0	0
4.71979	0	0	0
3.47396	0	0	0
5.00163	0	0	0
3.72308	0	0	0
0.0381749	0	0	0
6.23475	0	0	0
3.87707	0	0	0.0482709
7.79277	0	0	0
4.96866	0	0	0
6.05175	0	0.0749545	0
7.50144	0	0.310229	0
4.18946	0	0	0
5.80072	0	0	0
5.77375	0.0205496	0	0
      0	0	0	0
0.216117	0	0	0
0.0642831	0	0	0
0.17928	0	0	0
      0	0	0	0
 5.3216	0	0.15289	0
7.99927	0	0	0
6.65903	0	0	0
6.23057	0	0	0
0.204663	0	0	0
4.73319	0	0	0
5.60631	0	0	0
5.90212	0	0	0
5.56236	0	0	0
6.20836	0	0	0
4.30951	0	0	0
  8.065	0	0	0
3.26765	0	0	0
5.06237	0	0	0
1.56753	0	0	0
 8.1968	0	0	0
0.310426	0	0	0
      0	0	0	0
7.58701	0	0	0.00406273
0.828484	0	0	0
8.40538	0	445.618	0
7.13361	0	0	0
0.137277	0	0	0
4.23924	0	0	0
6.76145	0	0	0
6.61344	0	0	0
5.92162	0	0	0
4.01704	0	0	0
7.96637	0	0	0
0.215291	0	0	0
2.94314	0	0	0
0.0132786	0	0	0
1.46958	0	0	0
5.60846	0	0	0
4.60743	0	0.175777	0
5.27681	0	0	0
6.35312	0	0	0
5.33107	0	0	0
8.02407	1858.77	10.0657	2.49955
4.74551	0	0	0
4.05738	0	0	0
5.84208	0	0	0
5.40133	0	0	0
6.92787	0	0.17699	0
0.0771629	0	0	0
3.65292	0	0	0
0.0718801	0	0	0
5.35597	0	0	0
5.33159	0	0	0
7.78837	0	0.265689	0
 6.9711	0	0	0.074131
8.43387	0	0.00978161	0
 7.7425	0	0	0
 4.6325	0	0	0
7.37875	2108.49	0	0
4.44488	0	0	0
      0	0	0	0
4.45621	0	0	0
4.61099	0	0	0
6.98895	0	0	0.0897806
7.87674	0	0	0
5.72094	0	0	0
3.46539	0	0	0
7.61634	0	0	0.011484
5.84005	0	0	0
0.940076	0	0	0
      0	0	0	0
8.24834	0.824278	0	0
 4.9873	0	0	0
8.32743	0	0	0
3.16186	0	0.0419715	0
0.105231	0	0	0
3.15073	0	0	0
      0	0	0	0
4.67914	0	0	0
0.132791	0	0	0
5.25023	0.0481501	0	0
4.10347	0	0	0
6.25501	0	0	0.0563872
5.85662	0.0632582	0	0
7.68786	0	0	0
2.68054	0	0	0
0.0323381	0	0	0
1.09619	0	0	0
2.65852	0	0	0
6.98791	0	0	0
7.92259	0	0.611763	206.293
3.46222	0.00211017	0	0
0.697356	0	0	0
7.98841	0	0	0.0215594
5.36212	0	0	0
0.204104	0	0	0
4.69679	0.130989	0	0
2.31048	0	0	0
4.69895	0	0	0
6.94206	0	0	0.136847
 7.3861	0	0.481105	0
8.38387	0	0.152703	0
4.10815	0	0	0
5.66552	0	0	0
4.24269	0	0	0
4.02054	0	0	0
5.02144	0	0	0
8.17183	0	0.607205	0
6.02254	0	0	0
2.53551	0	0	0
0.240274	0	0	0
7.83524	0	0.0395371	0
      0	0	0	0
5.74498	0	0	0
5.13159	0	0	0
4.21773	0	0	0
      0	0	0	0
6.05257	0	0	0.0292103
6.03201	0	0	0
8.01105	0.0583887	0	0
7.03576	0	0	0
0.160737	0	0	0
      0	0	0	0
5.51163	0	0	0
5.32089	0	0	0
5.40839	0	0	0
6.81515	0	0	3.58254
4.70523	0	0	0
      0	0	0	0
4.94272	0	0	0
0.0856358	0	0	0
6.06719	0	0	0
6.68792	0	0	0
 5.0122	0	0	0
0.129468	0	0	0
      0	0	0	0
      0	0	0	0
0.136124	0	0	0
6.86422	0	0	0
5.35657	0	0	0
0.811591	0	0	0
3.66171	0	0	0
5.68275	0	0	0
2.36977	0	0	0
5.29388	0	0	0
7.46844	0	0	0
      0	0	0	0
5.89788	0	0	0
0.0232418	0	0	0
6.61983	0	0	0.0787541
5.90856	0	0	0
 1.9748	0	0	0
1.09536	0	0	0
6.48164	0	0	0
0.0610448	0	0	0
5.41152	0	0	0
1.48235	0	0	0
2.38928	0	0	0
7.99283	0.0347421	0	0
7.88336	0	0	0
  2.314	0	0	0
6.98908	0	0	0
8.27943	0	0.0468965	0
5.20752	0	0	0
0.0429064	0	0	0
 3.9257	0	0	0
 3.4747	0	0	0
6.06624	0	0	0.0368415
4.23172	0	0	0
2.33315	0	0	0
7.91458	0	0	320.706
2.97007	0	0	0
6.62957	0	0	0
4.63136	0	0	0
4.93717	0.018043	0	0
 1.6469	0	0	0
4.57384	0	0	0
2.15087	0	0	0
7.00079	0.00380092	0	0
8.24058	0	0	0.111251
8.07635	0	0	0
5.49715	0	0	0
 5.3179	0	0	0
7.31224	0	0	0
8.02284	0	212.86	0
0.0922901	0	0	0
5.08813	0	0	0
4.48522	0	0	0
7.81942	0	0.0447334	0
3.45842	0	0	0
6.75962	0	0	0
6.55601	2130.52	0	0
6.82623	0	0	0
6.85448	0	0	0
7.11477	0	0	0
0.0259419	0	0	0
7.47264	0	0	102.909
7.92214	0	0	0
2.49341	0	0	0
4.38983	0	0	0
4.28147	0	0	0
5.82003	0	0	0
8.33115	0	561.87	0
6.41664	2915.49	0	0
7.14737	0	0	0
6.16004	0	0	0
5.93609	0	0	0
7.15853	0	0	0
5.89909	0	0	0
3.08286	0	0	0
8.03758	0	0	0
7.58673	0	0	0
7.76257	0.034761	0	0.140261
 2.0452	0	0	0
4.43874	0	0	0
5.64548	0	0.0604509	0
 4.9681	0	0	0
6.57525	0	0	0
6.48706	0	0	0
 7.2438	0	0	0
7.07444	0	0	0
5.78477	0	0	0
  7.404	0	0	0
7.08046	0	0	0
0.160104	0	0	0
7.97901	0	0	0
 6.2514	0	0	0
5.83226	0	0	0
8.36905	0	0	0.0850103
      0	0	0	0
6.13452	0	0	0
3.12339	0	0.0639623	0
  7.358	0	0	0
 7.5576	0	0	0
0.873185	0	0	0
2.77628	0	0	0
7.31984	0	0	0
6.64293	0	0	0
0.199231	0	0	0
 2.1849	0	0	0
0.194681	0	0	0
1.92608	0	0	0
5.48338	0	0	0
3.28597	0	0	0
 4.1183	0	0	0
7.03165	0	0	482.786
4.52245	0	0	0
1.71214	0	0	0
8.05379	0	0	0
3.43672	0	0.272722	0
7.08597	0	0	0
6.24339	0	0	0
7.44241	0	0	0
7.14266	0	0	0
3.06256	0	0	0
      0	0	0	0
 2.8832	0	0	0
5.65012	0	0	0
 3.5784	0	0	0
 5.5449	0.0052453	0	0
8.64202	0	0	0.579935
 7.5348	0	0	0
8.30737	0	41.2632	358.303
 3.1983	0	0	0
0.234428	0	0	0
5.76825	0	0	0
7.87384	0	0	0
0.0478617	0	0	0
0.236967	0	0	0
  6.605	0	0	0
6.83656	0	0	0
8.25607	0	0.73109	0
3.82796	0	0	0
8.01621	0	0	2.77866
 4.2917	0	0	0
4.72245	0	0	0
1.75761	0	0	0
4.70715	0	0	0
4.84756	0	0	0
 5.9393	1828.95	0	0
7.77141	874.561	0	0
0.202709	0	0	0
3.92913	0.0236095	0	0
8.82939	0	256.105	0
7.94014	0.7378	0	0
7.81318	0	0	0
2.00319	0	0	0
5.29062	0	0	0
7.68837	0	0	0
4.76125	0	0	0
5.23134	0.13009	0	0
0.00721408	0	0	0
7.30979	0	0	0
2.64605	0	0	0
3.93423	0	0	0
2.11871	0	0	0
7.30675	0	0	0
6.76876	0	0	0
0.211462	0	0	0
 6.2055	0.00595624	0	0
0.103308	0	0	0
6.99965	0	0	0.0587649
3.19194	0	0	0
3.42384	0	0	0
6.70723	0	0	0
6.01202	0	0	0
 0.8231	0	0	0
8.00122	0	0	0
0.120833	0	0	0.173331
6.21046	0	0	0
0.476083	0	0.00269565	0
      0	0	0	0
7.91936	0	0	0
 5.4431	0	0	0
4.94859	0	0	0
8.12106	0	0	0.0145816
4.34093	0	0	0
4.74075	1393.72	0	0
2.22652	0	0	0
8.06136	2098.55	0	0
5.50361	0	0	0
6.30857	0	0	0
5.21813	0	0	0
0.0160491	0	0	0
6.82289	0	0	0
5.46524	0	0	0
1.73964	0	0	0
0.0750787	0	0	0
3.61418	0	0	0
7.38187	2374.34	0	0
3.59787	0	0	0
 6.2586	0	0	0
0.146011	0	0	0
7.88027	0	0	525.317
8.17128	0	0	0.100282
      0	0	0	0
4.80766	0	0	0
7.15824	0	0	0
7.47575	0	0	0
5.03138	0	0	0
6.04399	0	0	0
0.890828	0	0	0
0.0905684	0	0	0
7.24541	0	0	0
4.97741	0	0	0
0.223537	0	0	0
6.73115	0	0	0
7.52562	0	0	1.16437
0.122175	0	0	0
5.45655	0	0	0
      0	0	0	0
4.17418	0	0	0
7.02228	0	0	0
0.120358	0	0.490388	0
5.96206	0.0333224	0	0
      0	0	0	0
      0	0	0	0
7.35803	0	0	0
0.0435482	0	0	0
 4.4352	0	0	0
5.81103	0.100673	0	0
      0	0	0	0
 4.9513	0	0	0
8.05923	0	0	0
 5.0469	0	0	0
2.27362	0	0	0
0.127983	0	0	0
7.77825	2232.1	5.2186	0
3.26908	0	0	0
6.10204	0	0	0
7.74072	0	0	0
8.00337	0	0	0
0.120029	0	0	0
0.0603312	0	0	0
1.99851	0	0	0
 4.7202	0	0	0
1.56178	0	0	0
3.49515	0	0	0
6.63203	0	0	0
2.55988	0	0	0
6.77126	0	0	0
0.00767327	0	0	0
7.01558	0	0	0
0.117026	0	0	0
5.55274	0	0	0
4.68515	0	0	0
2.55191	0	0	0
4.83703	0	0	0
7.55829	0	0	0
6.98078	0.149658	0	0
4.51772	0	0	0
6.27594	0	0.00622249	0
7.23756	0	0	0.14515
7.85843	0.0918462	0	0.0855767
0.603307	0	0	0
5.81246	0	0	0.160173
6.62518	0	0	0
7.31102	0	0	0
7.14695	0	0	0
5.95431	0	0	0
7.38443	0	0	0
 3.7818	0	0	0
5.56846	0	0	0
5.54546	0	0	0
0.0972089	0	0	0
0.376235	0	0	0
2.86203	0	0	0
8.14912	0	0	0
0.0543712	0	0	0
1.63653	0	0	0
0.201167	0	0	0
0.236935	0	0.158981	0
2.92049	0	0	0.0538061
3.29206	0	0	0
3.92591	0	0	0
5.09271	0	0	0
6.56524	0	0	0
2.88705	0	0	0
3.03033	0	0	0
6.19302	0	0	0
3.56483	0	0	0
6.04765	0	0	0
4.52235	0	0	0
7.93078	0	0	0
 6.4224	0	0	0
5.48678	2762.79	0	0
6.78268	0	0	0
4.48627	0	0	0
0.258765	0	0	0
0.181682	0	0	0
4.10676	0.00495975	0	0
7.86604	0	0.192769	0
8.92419	0	0.0228113	0
8.11503	0	0	0
 1.9761	0	0	0
6.89973	0	0	0
8.14846	0	0.0737829	0
7.40311	0	0	0.350602
4.07861	0	0	0
4.26638	0	0	0
6.69457	0	0	360.876
8.12469	0	0	0
1.03724	0	0	0
6.16756	0	0	0
4.40232	0	0	0
6.22557	0	0.0483013	0
0.277082	0	0	0
6.04508	0	0	0
5.45662	0	0	0
4.50241	0	0	0
6.96181	0	0	0
4.61035	0	0	0
7.51799	0	0	0
 6.3544	0	0	0
3.58932	0	0	0
0.0875997	0	0	0
6.46226	0	0	0
      0	0	0	0
3.88591	0	0	0
0.125223	0	0	0
3.72043	0	0	0
7.09282	0	0	0
7.24836	0	0.178575	0
8.28604	0	0	0.274002
7.78558	0	0.0500315	0
5.74553	0	0	0
7.07741	0	0	0
4.75923	0	0	0.0485486
3.67667	0	0	0
8.23752	0	0	0.0670301
6.06862	380.887	0	0
 0.2879	0	0	0
4.88549	0	0	0
  5.187	0	0	0
1.33392	0	0	0
 6.7602	0.0694393	0.00507375	0
0.0658135	0	0	0
0.213226	0	0	0
4.23157	0	0	0
 6.2785	0	0	0
0.0798613	0	0	0
6.21597	0	0	0
3.16173	0	0	0
0.110284	0	0	0
7.70471	0.0144691	0	0
3.04572	0	0	0
6.67688	0	0	0.28015
3.30616	0	0	0
7.60922	2482.75	5.98546	0.20769
4.75376	0	0	0
7.03267	0	0	0
7.13458	2381.76	0.661111	0
3.57641	0	0	0
7.45628	0.0137097	0	0
5.67819	2613.76	0	0
4.37419	0	0	0
1.46693	0	0	0
6.43425	0	0	0
3.19944	0	0	0
7.87316	1012.94	0	4.38131
6.89122	0	0	0
8.26989	0	0	0
  3.428	0	0	0
1.51421	0	0	0
 3.2589	0	0	0
  3.791	0	0	0
0.104504	0	0	0
7.88899	0	0.468428	0
7.76672	0	0	0
4.57864	0	0	0
 4.4024	0.0260233	0	0
5.16793	0	0	0
0.0306469	0	0	0
0.142336	0	0	0
4.22964	0	0	0
7.84816	0	0	0
0.370934	0	0	0
5.77463	0	0	0
8.50022	0	0.00720532	0
5.46345	0	0	0
      0	0	0	0
      0	0	0	0
0.0816872	0	0	0
7.55174	0	0	0
5.49812	0	0	0
0.0487908	0	0	0
0.15438	0	0	0
4.70235	0.099927	0	0
7.88298	854.295	0	0
6.56561	0	0	0
7.92575	0	0	0.190338
0.124039	0	0	0
5.14659	0	0	0
0.119667	0	0	0
3.63549	0	0	0
0.113606	0.156989	0	0
5.38735	0	0	0
7.11073	0	0	0
4.72919	0	0	0
0.0113196	0	0	0
0.0921602	0	0	0
3.80347	0	0.263512	0
0.914434	0	0	0
2.24415	0	0	0
4.44958	0	0	0
0.0627966	0	0	0
0.0154169	0	0	0
5.70032	0	0	0
      0	0	0	0
6.24234	0	0	0
7.34667	0	0.0211014	0
7.85718	0	0	0
2.86762	0	0	0
0.962466	0	0	0
      0	0	0	0
5.79302	0	0	0
5.73534	0.743855	0	0
5.91198	0.00530395	0	0
8.33556	0	0	0
3.11576	0	0	0
4.62984	0	0	0
0.21155	0	0	0
1.98213	0	0	0
6.27203	0	0	0
0.176209	0	0	0
3.28874	0.00183597	0	0
8.11849	0	0.0394051	0
1.92336	0	0	0
0.129293	0	0	0
0.117462	0	0	0
6.04794	0	0	0
4.79813	0	0	0
7.96099	0	0.146866	0
0.351772	0	0	0
2.69397	0	0	0
1.66068	0	0	0
 5.0706	0	0	0
 8.4482	0	954.588	358.828
0.17497	0	0	0
      0	0	0	0
4.85064	0	0	0
5.09825	0	0	0
7.99121	0	0	0
2.33614	0	0	0
   3.77	0	0	0
  6.088	0	0	0
4.73477	0	0	0
7.38404	0	0	0
4.65186	0	0	0
6.19698	0	0.0444382	0
 6.5566	0	0	0
5.53295	0	0	0
5.31568	0	0	0
      0	0	0	0
7.98124	0	0.527997	0
7.90331	0	0	0
0.27812	0	0	0
6.83331	2588.92	7.84857	0
8.11069	0	0	0
3.58176	0	0	0
5.39522	0	0	0
6.58046	0	0	0
7.71599	0	0	0
4.51596	0	0	0
2.10399	0	0	0
8.23089	0	0.261912	3.36655
8.32706	0	0	0
6.67539	0	0	0
1.49392	0	0	0
 5.9416	0	0	0
0.164451	0	0	0
2.29796	0	0	0
8.31653	0	2.19562	0
6.95925	0	1.07545	0
5.78828	0	0	0.470795
4.59265	0	0	0
 6.4993	0	0	0
3.31903	0	0	0
8.41684	0	0.0349162	262.133
4.08714	0	0	0
7.37709	0	0	0
7.32208	0	0	0
0.0476882	0	0	0
0.0825945	0	0	0
6.51865	0	0	0
5.88908	0	0	0
5.50451	0	0	0
4.75429	0	0	0
5.02989	0	0	0
8.18733	1656.67	0.000136733	0
5.25421	0	0	0
0.0826701	0	0	0
6.18741	0	0	0.124421
5.47599	0	0	0
      0	0	0	0
 1.5092	0	0	0
6.65569	0	0	0
5.40891	0	0	0.316017
3.05316	0	0	0
7.12227	0	0	0
7.59276	0	0	0
7.84055	0	0	0
7.86692	0	0	0
5.49507	0	0	0
0.179751	0	0	0
      0	0	0	0
9.31905	0	1063.27	0
7.68989	0	0	0
6.35125	0	0	0
0.259854	0	0	0
4.67832	0.153478	0	0
0.227946	0	0	0
5.21415	0	0.363714	0
5.22723	0	0	0
3.21058	0	0	0
6.27276	0	0	0
4.40485	0	0	0
      0	0	0	0
0.0910877	0	0	0
6.00129	0	0	0
7.69648	0	0	0
7.61902	0	0.027569	0
 7.0665	0	0	0
7.65758	0	0	0
      0	0	0	0
6.52887	0	0	0
0.0505429	0	0	0
8.62885	0	0.00324338	0
0.235067	0	0	0
6.87193	3675.39	0	0
0.110725	0	0	0
1.74268	0	0	0
4.20254	0	0	0
      0	0	0	0
2.83037	0	0	0
3.55701	0	0	0
0.564278	0	0	0
      0	0	0	0
3.04969	0	0	0
1.24753	0	0	0
4.29276	0	0	0
7.85699	0	0	0
5.04712	0	0	0.0199363
      0	0	0	0
0.0939067	0	0	0
5.88973	0	0	0
7.40267	0	0	0
3.25313	0	0	0
5.37705	0	0	0
      0	0	0	0
7.20225	0	0	343.683
2.06526	0	0	0
0.331418	0	0	0
7.98953	0	0	0
4.54145	0	0	0
6.06984	0	0	0
0.181552	0	0	0
6.18317	0	0	0
0.0712246	0	0	0
4.60107	0	0	0
0.097577	0	0	0
8.20719	0	0	0
7.69686	0	0	0
2.67806	0	0	0
0.201171	0	0	0
      0	0	0	0
5.85848	0	0	0
6.34004	0.0454503	0	0
0.100195	0	0	0
 7.4486	0	0	0
4.92914	0	0	0
6.33191	0	0	0
2.86784	0	0	0
6.33526	0	0	0
4.68515	0	0	0
4.54042	0	0	0
4.45814	0	0	0
7.51991	0	0.102725	0
7.99822	0	0	0
6.76379	0.261563	0	0
4.57566	0	0	0.486286
0.0798196	0	0	0
4.51483	0	0	0
1.41682	0	0	0
5.61829	0	0	0
4.60737	0	0	0
5.82175	0	0	0
5.93088	0	0	0
 2.9923	0	0	0
0.126164	0	0	0
6.40743	0	0	0
2.55457	0	0	0
6.45854	0	0	0
6.69602	0	0	0
6.15194	0	0	0
6.92535	0	0	0
4.31068	0	0	0
0.0907666	0	0	0
 6.4648	0	0	0
0.0621149	0	0	0.0857421
      0	0	0	0
 8.2942	0.000330527	0.0199332	0.132746
0.32457	0	0	0
7.14686	0	0	0
2.62624	0	0	0
3.83037	0	0	0
4.86879	0	0	0.0840998
6.11603	0	0	0
1.26097	0	0	0
2.75081	0	0	0
7.42297	0	0	0
3.68789	0	0	0
 5.6882	0	0	0
4.65106	0	0	0.00270942
7.49983	0	0	0
7.49787	2269.62	0	0
0.152153	0	0	0
 4.9249	0	0	0.028154
5.83757	0	0	0
2.26151	0	0	0
5.27593	0	0	0
3.87295	0	0	0
7.12865	0	0	0
0.163273	0	0	0
      0	0	0	0
6.33688	0	0	0
6.80358	2456.02	0	0
8.33634	0	0	0
7.09831	0	0	0
      0	0	0	0
0.0956989	0	0	0
0.118035	0	0	0
 7.7828	0	0	0
6.47769	0.0223166	0	0
2.98057	0	0	0
4.33463	0	0	0
5.98811	0	0	0
6.27003	0	0	0.0137146
1.91914	0	0	0
7.44949	0	0	0
7.61157	0	0	0
0.0322959	0	0	0
7.72894	0	0	0
3.52107	0.00949698	0	0
4.70012	0	0	0
5.98811	0	0	0
 2.9826	0	0.39738	0.0718196
0.120379	0	0	0
6.26506	0	0.0084104	0
7.41005	0	0	0
7.35048	0	0	0
2.92481	0	0	0
0.138309	0	0	0
 7.9322	0	0	0
0.30898	0	0	0
6.69831	0	0	0
7.97366	0	0	0.0404009
4.88921	0	0	0
 2.5645	0	0	2.21296
4.27831	0	0	0
6.99485	0	0	0
5.47785	0	0	0
0.181601	0	0	0
6.94096	0.050795	0	0
1.96346	0	0	0
8.02538	0	0	0.00410465
1.15805	0	0	0
  7.817	2428.91	0.298977	0
5.19558	0	0	0
      0	0	0	0
3.20229	0	0	0.0590233
0.124621	0	0	0
5.54193	0	0	0
6.51794	0	0	0
8.23391	0	0	0.0516674
7.43031	0	0	0
8.02141	0	0	277.045
8.24657	0	0	0
0.291315	0	0	0
2.43956	0.350028	0	0
5.97106	0	0	0
7.75662	0	0	0
8.68561	0.414367	144.118	0
4.76462	0	0	0
4.36367	0	0	0
7.58171	0	0	0
8.28033	0	0.177121	0
0.166151	0	0	0
3.84871	0	0	0
2.94991	0	0	0
5.97796	0	0	0
8.55742	0	0	0
8.53184	0	0.00895584	0
4.22421	0	0.304687	0
7.31978	96.4473	0	0
5.99396	0	0	0
7.84295	0	0	0
2.32493	0	0	0
 5.3196	0	0	0
8.27892	0.186487	0	0
7.77462	2525.49	0	0
 7.6676	0.0553503	0	0
2.46744	0	0	0
6.94561	0	0	0
7.01236	2603.73	2.40309	0
0.0346253	0	0	0
4.27357	0	0	0
7.82177	0	0	0
6.14866	0	0	0
7.88828	0	0	0
0.276138	0	0	0
 7.6066	0	0	0
5.76715	0	0	0
7.90915	0	0.140707	0
7.47312	0	0	0
3.68668	0	0	0
5.83382	0	0	0
5.72021	0.0146461	0	0
4.63936	0	0	0
6.43729	0	0	0
      0	0	0	0
4.26648	0	0	0.144716
 8.4073	0.0107911	0	0
6.49669	0	0	0
2.94833	0	0	0
0.175554	0	0	0
3.03126	0	0	0
7.28679	0.221541	0	0
7.52787	0	0	0
7.92092	0	0	0
8.51976	0	0	0.0200566
 3.9442	0	0	0
 8.1126	0	0.163902	0
0.20018	0	0	0
0.262659	0	0	0
 3.1654	0	0	0
3.72881	0	0	0
7.76632	916.518	0.143191	0
5.91453	0	0	0
3.01839	0	0	0
6.01833	0	0	0
5.53591	0	0	0
1.67504	0	0	0
7.93468	0	0	0
5.61792	2.43708	0	0
2.66605	0	0	0
1.28089	0	0	0
 7.6901	0	0	0
5.13284	0	0	0
5.90748	0	0	0
5.99984	0	0	0
7.20754	0	0.187581	0
 2.7195	0	0	0
      0	0	0	0
0.0189611	0	0	0
0.143129	0	0	0
7.63659	0.00372263	0	0
 6.7072	0	0	0
7.78075	0	0	0.0311962
 5.4294	0	0	0
4.62584	0	0	0
 4.7516	0	0	0
7.71743	0	0	0
5.42358	0	0	0
      0	0	0	0
4.56889	0	0	0
4.73267	0	0	0
0.21414	0	0	0
7.73432	0	0	0
 3.1142	0	0	0
5.42488	0	0	0
5.21961	0	0	0
0.06414	0	0	0
5.81623	0.0196466	0	0
 8.2017	0.0359079	0	0
5.47072	0	0	0
5.68605	0	0	0
4.02344	0	0	0
4.42201	0.0705609	0	0
4.30907	0	0	0
 6.1445	0	0	0.0125539
2.34319	0	0	0
3.41628	0	0	0
 0.3814	0	0	0
2.45567	0	0	0
 5.9181	0	0	0
7.93812	2675.53	0	0.209892
8.05679	0	0	0
7.32651	0	0	0.428995
0.176659	0	0	0
8.61578	0	0.0401372	0
0.0561542	0	0	0
2.63241	0	0	0
7.77948	0	0	0
6.21893	0	0.0372324	0
6.61445	0	0	0
6.74179	0	0	0
3.38872	0	0	0
0.0720075	0	0	0
 8.9424	0	194.007	0
7.67418	1732.39	0.177714	0.238822
7.70378	0	0	0.049521
1.63061	0.0455796	0	0
2.93199	0	0	0
7.14277	0	0	0
3.31315	0	0	0
 4.6519	0	0	0
5.56489	0	0	0
1.38255	0	0	0
5.15293	0	0	0
5.28871	0	0	0
7.55757	0	0	0
0.0573754	0	0	0
8.62621	0.0530237	609.235	0
      0	0	0	0
      0	0	0	0
5.24484	0	0	0
6.65284	0	0	0
3.41674	0	0	0
0.478986	0	0	0
0.273235	0	0	0
0.177469	0	0	0
0.153573	0	0	0
5.11041	0	0	0
6.74615	0	0	0
5.39251	0	0.0382402	0
7.67499	0	0	0
      0	0	0	0
0.0436467	0	0	0
7.12958	0	0	0
5.14884	0	0	0
3.98395	0	0	0
2.99562	0	0	0
0.177483	0	0	0
3.74558	0	0	0
0.111564	0	0	0
8.45825	0	367.871	0.03673
2.22017	0	0	0
0.14769	0	0	0
7.45267	0	0.108331	0
2.70902	0	0	0
6.65191	0	0	0
5.38142	0	0	0
0.298352	0	0	0
7.27519	0	0	0
4.60983	0	0	0
4.89701	0	0	0
3.97077	0	0	0
8.67249	0.027462	675.35	0
0.0966785	0	0	0
7.85318	0	0	0
0.305904	0	0	0
5.14884	0	0	0
0.0286244	0	0	0
2.11762	0	0	0
7.22817	0	0	0
7.15648	0	0	0
7.70422	0	0	0
8.00149	2511.7	0.647408	4.89911
0.00191284	0	0	0
 7.7217	0	0	0
7.44757	0	0	0
2.02487	0	0	0
 7.0437	0	0.655801	0
4.10184	0	0	0
8.25365	0	0	0.0499834
1.48619	0	0	0
2.55464	0	0	0
 7.4585	0	0	0.0279591
6.00972	0	0	0
7.62787	0	0	0
5.53089	0	0	0
3.95967	0	0	0
0.200777	0	0	0
1.62267	0	0	0
7.31627	0	0	0
7.78843	0	0	0
1.19064	0	0	0
7.97507	0	0	0
4.59638	0	0	0
0.224797	0	0	0
6.48147	0	0	0
 7.8992	0	0	0
5.53327	0	0	0
6.72703	0	0	0.114282
6.50016	0	0	0
5.75452	0	0	0
6.33423	0.0429729	0	0
      0	0	0	0
7.74042	0	0	0
0.0269818	0	0	0
7.67643	0	0	0
3.57718	0	0	0
8.12694	0	0	0
7.47354	0	3.45432	0
6.26011	0	0	0
6.94642	0	0.0498623	0
6.49774	0	0	0.0460354
0.134607	0	0	0
1.54136	0	0	0
7.36432	0	0	0
2.61163	0	0	0
3.78766	0	0	0
5.21541	0	0	0
6.75833	0	0	0
5.72254	0	0	0
0.0418113	0	0	0
6.10109	0	0	0
4.23871	0	0	0
7.15358	0	0	0
4.69743	0	0	0
8.40956	0	170.955	0
0.0505363	0	0	0
6.75629	0	0	0
2.29485	0	0	0
 8.4809	2266.52	0	0
0.179803	0	0	0
5.43532	0	0	0
      0	0	0	0
8.01539	0	0.0700388	0
8.89864	0	498.766	431.112
0.206051	0	0	0
5.37096	0	0	0
0.0862362	0	0	0
2.76828	0	0	0
5.77353	0	0	0
0.17333	0	0	0
2.11644	0	0	0
3.75251	0	0	0
5.33057	0	0	0
6.19613	2468.5	0	0
6.91354	0	0	0
4.45325	0	0	0
4.72361	0	0	0
6.91959	2783.15	0	0
7.91048	0	0	307.444
0.077096	0	0	0
1.16088	0	0	0
2.92997	0	0	0
5.17737	0	0	0
7.89646	0	0	0
0.776403	0	0	0
0.0421045	0	0	0
 7.5523	0	0	0
8.04443	0	0	0.0190113
0.792042	0	0	0
6.84007	0	0	0
6.92766	0	0	0.126837
0.272402	0	0	0
5.85865	0	0	0
5.87334	0	0	0
 4.7791	0	0	0
      0	0	0	0
6.94428	0	0	0
7.72334	0	0	0.987215
0.255712	0	0	0
1.78854	0	0	0
6.59296	0	0	0
2.78383	0	0	0
3.84048	0	0	0
7.29629	0	0	0
 7.8798	0	0	0
 5.9176	0	0	0
 8.4697	0	0.410353	0
3.67559	0	0	0
0.268819	0	0	0
 6.0939	0	0	0
 6.1696	0	0	0
7.37769	0	0	0
5.37411	0	0	0
4.42164	0	0	0
7.75377	0	0	0
4.40812	0	0	0
 7.6796	2320.89	0	0
1.75604	0	0	0
0.826539	0	0	0
 6.7695	0	0	0
3.86628	0	0	0
3.76304	0	0	0
5.50713	0	0	0
2.60044	0.237772	0	0
5.35746	0	0	0
2.99722	0	0	0
7.65607	0	0	0
7.57999	0	0	0
7.88895	0	0	0
0.278086	0	0	0
5.45425	0.11598	0	0
6.07322	0	0	0
6.37833	0	0	1.1096
6.56719	0	0	0
6.78956	0	2.59502	0
4.72277	0	0	0
6.29987	1127.47	0	0
0.381018	0	0	0
7.14755	0	0	0
3.46558	0	0	0
4.16546	0	0	0
6.85297	0	0.226893	0
0.320371	0	0	0
7.77122	2868.47	9.23992	0
3.08156	0	0.258142	0
 6.3496	0	0	0
0.0568645	0	0	0
7.20867	0	0	270.285
6.23834	0	0	0
 7.5562	0	0	0
6.26634	0	0	0
7.68498	0	0	0
5.46202	0	0	0
      0	0	0	0
4.25432	0	0	0
2.98044	0	0	0
0.073649	0	0	0
2.17599	0	0	0
1.66015	0	0	0
6.73263	0	0	0
5.78907	0	0	0
7.69446	0	0	0.0341487
0.109491	0	0	0
3.76591	0	0	0
0.0768311	0	0	0
3.08471	0	0	0
8.74727	2261.11	0	169.329
0.0388163	0	0	0
7.54458	660.11	1.59657	0
1.85867	0	0	0
5.64173	0	0	0
4.41983	0	0	0
3.63373	0	0	0
6.31919	0	0	0
0.113369	0	0	0
0.0760775	0	0	0
2.16882	0	0	0
6.36805	0	0	0
0.28277	0	0	0
 7.7133	0	0.185854	0.026484
  5.726	0	0	0
4.81973	0	0	0
4.44202	0	0	0
3.50991	0	0	0
4.90675	0	0	0
0.118319	0	0	0
8.15074	0	0	0
5.73402	0	0	0
5.66887	0	0	0
0.177871	0	0	0
0.320338	0	0	0
0.0991751	0	0	0
      0	0	0	0
2.61789	0	0	0
2.67539	0	0	0
0.134553	0	0	0
0.179676	0	0	0
0.0621142	0	0	0
5.43233	0	0	0
2.86457	0	0	0
3.95575	0	0	0
2.81685	0	0	0
 3.7962	0	0	0
6.49522	0	0	0
      0	0	0	0
4.11421	0	0	0
0.308092	0	0	0
0.264687	0	0	0
7.58878	0	0	0
5.95209	0	0	0
6.94646	0	0	0
3.83695	0	0	0
3.73553	2598.76	0	0
5.42947	0	0	0.0881218
7.46216	0	0	0
7.99853	1551.87	0	0.126737
6.02408	0	0	0.051138
8.50704	0	340.819	5.61656
5.74836	0	0	0
 4.5631	0	0	0
6.73141	0	0	0
0.0665244	0	0	0
0.356119	0	0	0
0.11954	0	0	0
2.27215	0	0	0
3.89328	0	0	0
7.44214	0	0	0
0.0763916	0	0	0
0.0330386	0	0	0
8.31048	0.0498783	0.138841	0
4.66018	0	0	0
3.14807	0	0	0
0.171669	0	0	0
6.78138	0	0	0
5.77446	0	0	0
 3.5629	0	0	0
4.30371	0	0	0
5.89195	0	0	0
  7.001	0	0	0
6.16389	0	0	0
5.13952	0	0	0
7.53219	0	0	0
6.20896	0	0	0
2.78981	0	0	0
2.68885	0	0	0
1.15619	0	0	0
7.92197	0.0194927	0	0
0.181844	0	0	0
0.12007	0	0	0.688982
2.58861	0	0	0
4.19309	0	0	0
5.75982	0	0	0
2.48347	0	0	0
6.28145	0	0	0
7.80891	0	0	0
 8.0401	0	0	0.574631
6.75461	0	0.171292	0
6.92711	0	0	0
3.47956	0	0	0
6.82239	0.0204984	0	0
0.173178	0	0	0
5.77085	0	0	0
2.83205	0	0	0
 5.8762	0	0	0
 4.4414	0	0	0
0.119882	0	0	0
0.0414367	0	0	0
7.74131	0	0	0
4.71984	0	0	0
4.70404	0	0	0
7.21406	0	0	0
 8.2929	0	164.735	0
0.50524	0	0	0
0.0949207	0	0	0.414966
3.75746	0	0	0
6.82389	0	0	0
      0	0	0	0
6.07004	0.00385177	0	0
2.28739	0	0	0
7.76932	0	0	0
5.51815	0	0	0
2.03477	0	0	0
8.16604	0	0	0
      0	0	0	0
7.06339	0	0	0
1.85377	0	0	0
0.180341	0	0	0
6.68509	0	0	0
1.10969	0	0	0
5.33579	0	0	0
3.68614	0	0	0
3.09763	0	0	0
0.0818647	0	0	0
2.64458	0	0	0
5.29021	0	0	0
2.05468	0	0	0
7.10061	700.216	1.91874	1.34065
7.08908	0.0034946	0	0
5.31468	0	0	0
4.41214	0.0161584	0	0
4.67486	0	0	0
8.04832	0	0	0
6.28825	0	0	0
7.39738	0	0	0
0.0446808	0	0	0
0.339865	0	0	0
6.89875	0	0	0
0.0639678	0	0	0
4.39081	0	0	0
4.27621	0	0	0
0.0435181	0	0	0
5.06164	0	0	0
3.82803	0	0	0
2.90992	0	0	0
      0	0	0	0
5.54856	0	0	0
0.284741	0	0	0
 4.7924	0	0	0
0.167593	0	0	0
5.01923	0	0	0
6.17876	0	0	0
0.0752775	0	0	0
0.152377	0	0	0
 5.3458	0	0	0
4.83755	0.00567765	0	0
8.09616	0	0	0
3.74498	0	0	0
7.72987	0	0	0
2.21371	0	0	0
0.0734008	0	0	0
4.39615	0	0	0
0.476742	0.149913	0.18068	0
0.216929	0	0	0
      0	0	0	0
7.09058	0.00886873	0	0
5.28322	0	0	0
5.76448	0	0	0
8.08699	0	0.354803	322.306
5.53856	0	0	0
 2.2842	0	0	0
0.0366125	0	0	0
7.33211	0	0	0
0.00429109	0	0	0
2.80935	0	0	0
7.27892	0	0	0
0.0215063	0	0	0
4.82163	0	0	0
0.0551755	0	0	0
6.01276	0	0	0
3.31626	0.144656	0	0
2.33613	0	0	0
8.11201	0	0.30384	0.182293
7.35665	0.00170458	0	0
2.81222	0	0	0
5.30734	2303.32	0	0
0.211126	0	0	0
6.25905	0	0	0
7.56497	0	0.725396	1305.15
      0	0	0	0
0.197869	0.00811783	0	0
0.686159	0	0	0
2.38644	0	0	0
6.54486	0	0	0
0.128176	0	0	0.250472
0.124075	0	0	0
 2.4432	0	0	0
7.60413	0	0	0
0.0885916	0	0	0
      0	0	0	0
 8.1988	0	0	0
5.45168	0	0	0
6.03144	0	0	0
6.50792	0.00108631	0	0
6.34411	0	0	0
7.32649	0	0	0.0405107
4.08366	0	0	0
7.76082	0	0	0
7.82387	0	0	0
5.55336	0	0	0
 6.7466	0	0.327388	0
5.82212	0	0	0
0.219492	0	0	0
0.0365294	0	0	0
      0	0	0	0
  7.975	0	0.332666	0
7.26001	0.00808941	0	0
0.145731	0	0	0
8.07022	0	795.608	0.0125068
8.41444	2405.7	3.53173	0.907868
5.05587	0	0	0
0.0813447	0	0	0
      0	0	0	0
5.46704	0	0	0
      0	0	0	0
7.67694	0	0	0
0.0694621	0	0	0
7.39888	1282.05	2.12598	0
6.63645	0	0	0
6.83668	0	0	0
6.70713	0	0	0
7.88987	0	0.06201	0.0462269
5.67172	0	0	0
 4.3436	0	0	0
6.46134	0	0	0
      0	0	0	0
5.08972	0	0	0
7.46305	0	0	177.627
      0	0	0	0
4.77542	0	0	0
0.0424339	0	0	0
7.90062	0	0	0
8.54544	0	19.0338	1087.05
3.70869	0	0	0
3.14431	0.0555742	0	0
7.56696	0	0	0.275162
      0	0	0	0
4.54695	0	0	0
6.21482	0	0	0
6.45982	0	0	0
4.90345	0	0.214818	0
7.46995	0	0	0
5.82702	0.00691644	0	0
0.0547057	0	0	0
5.56845	0	0	0
4.39341	0	0	0
5.08922	0	0	0
5.01888	0	0	0.230366
7.18435	0	0	0
6.66132	0	0	0
7.57779	0	0	0
      0	0	0	0
  7.313	0	0.215101	0
0.0836744	0	0	0
1.48315	0	0	0
7.38527	0	0	0
5.24403	0	0	0
8.54933	0	289.594	0
7.15826	0	0	0
8.05798	0	0	0
4.96435	0	0	0
5.45003	0	0	0
6.27253	0	0	0
7.53998	0	0	0
8.28631	0	0.0385185	0
6.81209	0	0	0
0.124196	0	0	0
 4.2536	0	0	0
5.34281	0	0	0
2.56006	0	0	0
4.59597	0.0379696	0	0
6.63336	0.028684	0.165274	0
3.75164	0	0	0
4.86843	0	0	0
7.90904	0	0	0
7.39017	0	0.00953898	289.597
 5.0376	0	0	0
6.63516	0	0	0.231376
 6.1235	0	0	0
0.132137	0	0	0
7.61203	0	0	0
0.0869185	0	0	0
0.0137887	0	0	0
7.48145	0	0	0
8.29239	0	0	0
6.57172	0	0	0
7.54401	0	0	315.196
0.131548	0	0	0
0.0320171	0	0	0
 7.6198	0	0	0
4.08107	0	0	0
7.12046	0	0	0
7.37357	0	0	0
      0	0	0	0
4.16397	0	0	0
3.47817	0	0	0
7.35204	0	0	0
0.130436	0	0	0
6.53661	0.0249271	0	0
  7.578	0	0	289.998
6.18105	0	0	0
8.25812	0	0	0.105798
5.52258	0	0	0
      0	0	0	0
5.12186	0	0	0
      0	0	0	0
0.0557321	0	0	0
 5.3084	0	0	0
7.72534	0	0	0
0.0435594	0	0	0
0.00921318	0	0	0
2.48394	0	0	0
4.28699	0	0	0
6.73014	0.0205921	0	0
7.51222	0	0	245.583
0.0646444	0	0.0978194	0
5.67968	0	0	0
6.46062	0	0	0
2.39457	0	0	0
8.10255	0	0	0
4.41761	0	0	0
0.17171	0	0	0
8.04413	0	0	0
0.0492448	0	0	0
4.55782	0	0	0
1.12445	0	0	0.0538352
0.0793073	0	0	0
7.49449	0	0	0
4.16641	0	0	0
5.81329	0	0	0
6.34804	0	0	0.106061
6.23902	0	0	0
7.30042	0	0	0
6.98604	0	0	0
      0	0	0	0
0.0647225	0	0	0
0.158429	0	0	0
5.97355	0	0	0
6.18966	0	0	0
3.93647	0	0	0
6.43284	0	0	0
3.96205	0	0	0
2.70715	0	0	0
7.44911	0	0	0
7.01746	0	0	0
0.0747225	0	0	0
2.48646	0	0	0
5.16897	0	0	0
7.53736	0	0	0
5.98195	0	0	0
0.457974	0	0	0
8.25238	0	27.9757	0
8.28881	0.163483	0.0193057	0
4.50942	0	0	0
0.145887	0	0	0
6.15366	0	0	0
0.0982824	0	0	0
0.0870015	0	0	0
5.36964	0	0	0
4.76424	4393.09	0	0
5.30642	0.0329727	0	0
0.0664916	0	0	0
8.65683	0.0564923	481.994	0
0.157932	0	0	0
2.37595	0	0	0
4.12564	0	0	0
8.93477	0	692.891	2.07803
4.41692	0	0	0
8.04681	0.0647123	0	0
0.360456	0	0	0
7.78132	0	0	0
0.0296832	0	0	0.267802
3.38633	0	0	0
6.71269	0	0.0468906	0
7.22302	0	0	0
4.54105	0	0	0
7.32209	0.0739587	0	0
5.62947	0.128077	0	0
0.168662	0	0	0
2.89473	0	0	0
5.41422	0	0	0
0.11493	0	0	0
4.69216	0	0	0
8.06139	0	0	0
5.47774	0	0	0
      0	0	0	0
7.74246	0.0196895	0	0
 6.3958	0	0	0
0.0740555	0	0	0
4.33754	0	0	0
4.96208	0	0	0.307538
2.28736	0	0	0
6.29287	2373.11	0	0
1.96457	0	0	0.273966
7.09366	0.0676272	0	0
 7.5902	0	0	0
6.43205	0	0	0
7.57133	0	0	0
7.51064	0	0	0.18282
5.65842	0	0	0
7.26191	0	0	0
0.137489	0	0	0
0.0698817	0	0	0
0.403071	0	0	0
 7.4502	0	0	0
0.0217196	0	0	0
6.01746	0	0	0
 6.7798	0	0	0.0471107
      0	0	0	0
0.0264482	0	0	0
2.31585	0	0	0
5.46636	0	0	0
3.57058	0	0	0
0.0741159	0	0	0
5.58044	0	0	0
      0	0	0	0
 1.7395	0	0	0
0.179669	0	0	0
6.22186	0	0	0
0.225935	0	0	0
 2.3903	0	0	0
3.54243	0	0	0
1.68419	0	0.650437	0
0.0209977	0	0	0
7.50225	0.00269666	0	0
7.59406	0	0.023998	0
0.160617	0	0	0
7.06624	2.89131	0	0
3.13035	0	0	0
6.43321	0	0	0
 7.4062	0	0	0
4.29047	0	0	0
3.60323	0	0	0
5.26297	0	0	0
7.93182	0	0	0
6.11167	0.0170671	0	0
4.38257	0	0	0.283643
0.124634	0	0	0
0.0914772	0	0.393186	0
5.89329	0	0	0
2.30467	0	0	0
3.94571	0	0	0
0.0146842	0	0	0
0.235754	0	0	0
0.0593923	0	0	0
0.0990022	0	0	0
3.50217	0	0	0
0.565217	0	0	0
4.18999	0.0148312	0	0
2.23056	0	0	0
4.77486	0	0	0
 7.3266	0	0	0
3.42732	0	0	0
5.37097	0	0.0361916	0
7.81063	0	0	0
      0	0	0	0
5.00826	0	0	0
4.07432	0	0	0
5.78152	0	0	0
7.95666	0.0394908	0	0
0.13386	0	0	0
0.155187	0	0	0
0.977428	0	0.249274	0
7.70765	0	0	0
      0	0	0	0
4.89079	0	0	0
 7.4213	0	0	0
7.53507	0	0	0
6.89408	0	0	0
7.37259	0	0	0
0.0948278	0	0	0
7.98357	0	0	0
7.43742	0	0	280.249
 2.2356	0	0	0
 4.6557	0	0	0
      0	0	0	0
3.49705	0	0	0
0.0620044	0	0	0
4.30299	0	0	0
6.83324	0	0	0
      0	0	0	0
1.79705	0	0	0
2.04052	0	0	0
5.06193	0	0	0
8.05882	0	0	0
2.43816	0	0	0
7.75204	0	0.0329145	0
0.171472	0	0	0
8.79029	0	0	0
5.26972	0	0	0
4.26396	0	0	0
2.45063	0	0	0
0.203799	0	0	0
 3.4227	0	0	0
5.78421	0	0	0
2.53246	0	0	0
8.17912	0.0721313	0.181089	0
6.32528	0	0	0
5.55735	0	0	0.0878031
0.139174	0	0	0.0218259
7.63427	0	0	0
1.26663	0	0	0
0.144015	0	0	0
4.36313	0	0	0
6.66483	0	0	0
4.20402	0	0	0.119408
 3.3756	0	0	0
2.66815	0	0	0
8.37723	0	0.0673717	456.573
7.07935	0	0	0
 5.4977	0	0	0
3.83634	0	0	0.130066
0.343172	0	0	0
7.68843	0	0	0
 6.1544	0	0	0
5.32461	0	0	0
7.95795	0	0	0.0445739
0.107011	0	0	0.187941
 5.9558	0	0	0
 8.2151	0.00105799	0	0.0379596
8.04194	0	0	0
4.26584	0	0	0
4.20324	0	0	0
0.142098	0	0	0
 4.9089	0	0	0
6.18889	0	0	0
4.79765	0	0	0
3.48304	0.0330194	0	0
7.61301	0	0.0796542	0
 1.9627	0.102917	0	0
      0	0	0	0
 5.8205	0	0	0
0.0331317	0	0	0
  5.045	0	0	0
1.06342	0	0	0
4.59389	0	0	0
      0	0	0	0
6.48733	0	0	0
 4.9518	0	0	0
7.98596	0	0.48004	0
7.78256	0	0	674.043
0.0915896	0	0	0
4.13633	0	0	0
6.82286	0	0	0
3.95809	0	0	0
0.0810012	0	0	0
 7.6559	0	1.37458	0
8.24625	0	0.0339378	0
7.49709	0	0.107773	0
7.55649	0	0	0.031006
 6.5492	0	0	0
5.48451	0	0	0
      0	0	0	0
5.92264	0	0	0
4.94209	0	0	0
7.98039	0	0	0
7.70636	0	0	0
0.141375	0	0	0
6.62226	0	0	0
7.02715	0	0	0
4.02949	0	0	0
6.54209	0	0	0
0.75388	0	0	0
6.10762	0	0	0
6.26653	0	0	0.000837586
 7.0443	1029.02	0	0
2.72331	0	0	0
 5.2476	0	0.214065	0
7.60382	0	0	0
5.21021	0	0	0
4.86896	0	0	0
      0	0	0	0
4.81056	0	0	0
0.0725112	0	0	0
5.34129	0	0	0
7.62555	0	0	0
8.05378	0	0	390.765
 6.7112	3063.35	0	0
2.24127	0	0	0
4.50946	0	0	0
6.89181	0	0	0
3.20853	0	0	0
4.20982	0	0	0
4.10985	0	0	0
3.80018	0	0	0
0.0939462	0	0	0
7.40466	2240.49	0	0
2.72616	0.0142631	0	0
3.97375	0	0	0
3.87642	0	0	0
5.30312	0.0712985	0	0
7.88169	0	0.00558747	0
0.280308	0	0	0
6.41593	0	0	0
7.89896	0	0	0
2.10703	0	0.319785	0
7.68729	0	0	0
0.0843143	0	0	0
6.73187	0	0	0
6.63823	0	0	0
 5.8688	0.0337629	0	0
5.29985	0	0	0
5.76316	0	0	0
4.80803	0	0	0
1.77143	0	0	0
0.0439052	0	0	0
6.10935	0	0	0
6.52914	0	0	0
6.63723	0	0	0
7.44582	0.0336271	0	0
0.143207	0	0	0
0.0823931	0	0	0
8.02264	0	0	0
      0	0	0	0
3.12165	0	0	0
1.33523	0	0	0
7.31087	0	0	0
3.38284	0	0	0
2.11999	0	0	0
0.172813	0	0	0
7.64939	0	0	0
6.62837	0	0	0.0262387
4.38934	0	0	0
7.25468	0	0	0.306712
6.77879	1670.61	0	0
3.65758	0	0.0921017	0
0.0880126	0	0	0
0.0856191	0	0	0.353944
6.12182	0	0	0
0.0615687	0	0	0
      0	0	0	0
3.74912	0	0.00489674	0
0.178117	0	0	0
6.97241	0	0	0
1.80697	0	0	0
7.84872	0	0	251.016
4.65653	0	0	0
7.32821	0	0	0
5.61865	0	0	0.296098
6.06516	0.0434229	0	0
0.196034	0	0	0
5.94554	0	0	0
5.43336	0	0	0
3.82134	0	0	0
7.96774	2485.2	0	0.460212
 7.5764	0	0	0
6.61315	0	0	0
 7.4525	0	0	0
4.48426	0	0	0
6.39512	0	0	0
6.70219	0	0	0
6.00198	0	0	0
0.0254898	0	0	0
3.39754	0	0	0
7.99563	0	0	0
7.34982	0	0	0
4.99378	0	0	0
0.0643921	0	0	0
5.73732	0	0	0
7.73766	0	0.0689127	0
6.69719	0	0	0
1.14598	0	0	0.376932
0.144996	0	0	0
2.36708	0	0	0
2.02806	0	0	0
7.51477	0	0	0
6.06291	0	0	0
0.265662	0	0	0
7.07275	0	0	0
5.75662	0	0	0
7.09605	2789.07	0	0
4.27821	0	0	0
5.91815	0	0	0
3.94227	0	0	0
5.35418	0	0	0
0.0828421	0	0	0
7.94698	0	0.0384514	0
0.0688089	0	0	0
7.49807	0	0	0
 5.5363	0.0159885	0.30173	0
4.44328	0	0	0
1.78327	0	0	0
6.44278	0	0	0
5.81221	0	0	0
 8.4334	0	0.0532596	0
6.38576	0	0	0
0.0263324	0	0	0
0.196899	0	0	0
3.56366	0	0	0
2.51628	0	0	0
5.13164	0	0	0
6.61201	0	0	0
  8.295	0	0.101339	0
0.0482396	0	0	0
6.24831	0	0	0
4.21121	0	0	0
0.0824724	0	0	0.11645
0.692644	0.0102033	0	0
5.51212	0	0	0
1.83129	0	0	0
5.30373	0	0	0
0.418469	0	0.0735887	0
0.00181886	0	0	0
4.43319	0	0	0
2.27607	0	0	0
4.59729	0	0	0
 6.6372	0	0	0
7.30705	0	0	0
4.06855	0	0	0
7.44499	0	0	0
3.90522	0	0	0
4.89403	1426.06	0.239999	0
 5.9736	0	0	0
 7.9049	0	0	0
6.14866	0	0	0
7.97025	0	0	0.0834405
3.68686	0	0	0
6.83615	0	0	0
4.36215	0	0	0
6.40831	0	0	0
6.73875	0.020995	0	0
1.01126	0	0	0
6.90033	1283.6	0	0
7.90806	0.026512	0	0
3.51712	0	0	0
3.55557	0	0	0
 4.2959	0	0	0
 7.0821	0	0	0.0170622
 3.3333	0	0	0
5.43031	0	0	0
7.83222	0	0	0
5.70692	0	0	0
8.18139	0	0	154.793
5.79131	0	0	0
6.69577	0	0	0
4.05068	0	0	0
5.70066	0	0	0
7.45226	0.0455696	0	0
4.65049	0	0	0
7.19694	0	0	0
7.56122	0	0	0
2.13857	0	0	0
0.386525	0	0	0
8.29273	0	0	0.0806682
0.0551655	0	0	0
 7.1138	0	0	0
 5.7802	0	0	0
8.55445	0	371.835	0
6.72842	0	0	0
7.89787	0	0	0
0.616912	0	0	0
0.157314	0	0	0
4.70295	0	0	0
5.15316	0	0	0
      0	0	0	0
3.76306	0	0	0
5.15858	0	0	0
0.145722	0	0	0
6.59747	0	0	0
7.92337	0	0	0
3.92079	0	0	1.83245
 6.4239	0	0	0
3.82447	0	0	0.169281
6.97103	0	0	0
0.18028	0	0	0
0.032177	0	0	0
  5.981	0	0	0
      0	0	0	0
0.222153	0	0	0
4.10349	0	0	0
4.03181	0	0	0
5.46631	0	0	0
1.80856	0	0	0
8.13905	0	0	0
 2.2366	0	0	0
6.99751	0	0	0
3.33791	0	0	0
7.51171	1208	0	0
6.18915	0	0	0
 5.7313	0	0	0
0.0273811	0	0	0
6.63917	0	0	0
 3.2979	0	0	0
0.0542176	0	0	0
8.63957	0	0.000251178	0.068173
3.09828	0	0	0
6.34062	0	0	0
 1.8088	0	0	0
7.48331	0	0	0
6.42563	0	0	0
7.02847	0	0	0
 6.3917	0	0	0
3.83824	0	0	0
7.64797	0	0	2.49899
      0	0	0	0
0.380342	0	0.717012	0
6.13887	0	0	0
3.08553	0	0	0
6.19722	0	0	0
6.93272	0	0	0
4.02184	0	0	0
4.73483	0	0	0
6.43948	0	0	0
6.86182	0	0	0
7.53546	0	0	0.194801
6.48684	0	0	0
6.33665	0	0	503.671
0.00925676	0	0	0
0.314724	0	0	0
0.0595872	0	0	0
5.72237	0	0	299.942
1.82836	0	0	0
6.07003	0	0	0
0.0346805	0	0	0
7.17613	0	0	0
      0	0	0	0
7.28771	0	0	0
3.08339	0	0	0
6.18391	0	0.0588281	0
8.25376	0	0	0
7.18887	0	0	0
5.95349	0	0	0
3.11992	0	0	0
7.82291	0	0	0
5.04674	0	0	0
0.962106	0	0	0
7.28636	0	0	0
7.27331	0	0	0
7.62407	0	0	0
0.455745	0	0	0
0.0453753	0	0	0
3.24958	0	0	0
3.34819	0	0	0
7.33312	0.0270116	0	0
7.08847	0	0	0
4.68634	0	0	0
 5.0774	0	0	0
4.60118	0	0	0
3.51766	0	0	0
0.084522	0	0	0
7.75743	0	0	434.594
6.89271	0	0	0.246235
0.0816688	0	0	0
0.189443	0	0	0
5.25688	0	0	0
8.23719	1515.54	0.786647	0.612825
0.0837459	0	0	0
3.77131	0	0	0
7.69588	0	0	0
      0	0	0	0
7.79469	0	0	0
5.65875	0	0	0
5.58692	0	0	0
0.132043	0	0	0
4.43869	0	0	0
7.97228	0	0	1.10996
0.549241	0	0	0
0.175642	0	0	0
2.59718	0	0	0
2.67968	0	0	0
2.75976	0	0	0
8.21346	0	0	0
 6.4664	0	0	0
4.99935	0	0	0
      0	0	0	0
4.37104	0	0	0
7.91423	0	0	0
0.351607	0	0	0
6.04113	0	0	0
0.0455015	0	0	0
5.19045	0	0	0
 7.4095	0	0	0
      0	0	0	0
0.10179	0	0	0.152741
8.41537	0	0	0
5.45561	0	0	0.0991993
7.82407	0	0	0
   1.93	0	0	0
6.21424	0	0	0
5.28917	0	0	0
      0	0	0	0
8.36013	0	398.92	0
7.41621	0.0310118	0	0
0.146041	0	0	0
7.61576	0	0.152099	0
2.10198	0	0	0
3.08323	0	0	0
6.85805	0	0.491994	0
3.82151	0	0	0
7.21612	0.168488	0	0
1.81493	0	0	0
3.33538	0	0	0
4.14739	0	0	0
 3.6385	0	0	0
5.15762	0	0	0
 7.0812	0	0	0
 4.8645	0	0	1.48553
      0	0	0	0
4.75358	0	0	0
8.46735	0	536.896	0
6.14381	0	0	0
8.43256	0.0622889	0	0
      0	0	0	0
5.34435	0	0	0
8.06306	0	2.15391	0.0528078
6.86376	0	0	0
 6.4587	0	0	0
1.50519	0	0	0
 5.9039	0	0	0
      0	0	0	0
3.35422	0	0	0
4.12815	0	0	0
7.84445	0	0	0.0522469
3.34702	0	0	0
0.045675	0	0	0
7.12467	0	0	0
3.99225	0	0	0
4.40858	0	0	0
1.90395	0	0	0
6.02368	0	0	0
      0	0	0	0
4.66998	0	0	0
 8.4328	0	409.415	0.0847099
6.60916	0	0	0
6.61414	0	0.14087	0
2.18519	0	0	0
0.0657893	0	0	0
5.85838	0	0	0
7.22782	0	0	0
5.51437	0	0	0
5.68244	0	0	0
8.40191	0.0763236	400.237	0
5.96003	0	0	0
8.28786	0	0	0
5.76452	0	0	0
2.44188	0	0	0
 5.0677	0	0	0
8.05945	0	0	0
 6.5488	0	0	0
5.42219	0	0	0.471897
7.45497	0	0.0127867	0
1.28425	0	0	0
0.0212125	0	0	0
0.100467	0	0	0
7.36357	0	0	0
3.95772	0	0	0
3.16411	0	0	0
7.38951	0.016932	0	0
5.55066	0	0	0
6.28316	0	0	0
4.88257	0	1.47411	0.0955593
3.28918	0	0	0
6.67397	0	0	0
0.204882	0	0	0
5.87668	0.00199432	0	0
2.89328	0	0	0
8.31954	0	1094.32	0
3.19493	0	0	0
8.37522	0	0	0
7.86155	0	0.0574098	0
0.100557	0	0	0
3.49698	0	0	0
6.40605	0	0	0.725253
 6.4395	0	0	0
6.41889	0	0	0
3.64937	0	0	0
1.85187	0	0	0
0.118403	0	0	0
0.725679	0	0	0
0.0485117	0	0	0
 5.1186	0	0	0
3.11251	0	0	0
4.76663	0	0	0
7.31255	0	0	0
4.83047	0.0100492	0	0
4.41687	0	0	0
0.236646	0	0	0
4.95557	0	0	0
2.45615	0	0	0
6.52655	0	0	0
8.34569	0	0	0
7.07605	0	0.104757	0
0.662757	0	0	0
      0	0	0	0
6.82796	0	0	0.0380349
5.61602	0	0	0
0.0287705	0	0	0
 4.6805	0	0	0
 7.8681	0	0	0
6.68527	0	0	0
2.45788	0	0	0
6.87596	0	0	0
      0	0	0	0
4.16595	0	0	0.0270559
7.00203	0	0	0
0.0365746	0	0	0
5.86547	0	0	0
      0	0	0	0
8.10103	3080.65	0	0
7.91869	0	0	0
3.80457	0	0	0
7.84268	0	4.13973	0
1.72939	0	0	0
      0	0	0	0
5.36345	0	0	0
8.14225	0	0	0
1.51439	0	0	0.0200197
  0.835	0	0	0
3.71036	0	0	0
2.68051	0	0	0
4.63914	0	0	0
1.82941	0	0	0
0.113032	0	0	0
0.0878189	0	0	0
5.93308	0	0	0
0.155122	0	0	0
3.67986	0	0	0
      0	0	0	0
6.48065	0	0	0
5.59471	0.420965	0	0
5.00002	0	0	0
3.44816	0	0	0
 0.1314	0	0	0
8.21553	0	0	0.0721153
7.73459	0	0	0
1.18875	0	0	0
6.21831	0	0	0
4.52814	0	0	0
7.11024	0	0	0
6.64311	0	0	0
6.26481	0	0	0
5.77563	0	0	0
 8.0182	2291.07	3.31806	0.3273
0.104271	0	0	0
4.98602	0.00938053	0	0
0.0993109	0	0	0
 6.4469	0	0	0
1.85626	0	0	0
0.0919118	0	0	0
7.77646	0.0363338	1683.91	644.137
8.12825	0	0	0
7.54813	0	0	0
      0	0	0	0
2.47943	0	0	0
5.16767	0	0	0
0.116702	0	0	0
5.67756	0	0	0
7.53732	0	0	0
9.00157	0	1068.86	0
5.56988	0	0.186823	0
7.10225	0	0	0
1.11987	0	0	0
4.03449	0	0	0
5.88452	0	0	0
5.68284	0.0191961	0	0
6.22426	0	0	0
      0	0	0	0
0.0619832	0	0	0
5.36425	0	0	0
2.64335	0	0	0
0.00336309	0	0	0
5.32295	0	0	0
6.62268	0	0	0
      0	0	0	0
8.23135	0	0.233835	0
 6.0964	0	0	0
0.159492	0	0	0
0.268426	0	0	0
2.16665	0	0	0
7.65447	0	0	0
0.0377655	0	0	0
5.33118	0	0	0
8.19645	0	0	0
2.65596	0	0	0
4.91368	0	0	0
7.23704	0	0	0
4.05967	0	0	0
3.98004	0	0	0
      0	0	0	0
      0	0	0	0
6.15843	0	0	0
      0	0	0	0
0.117865	0	0	0
3.41832	0	0	0
 4.4671	0	0	0
      0	0	0	0
3.12143	0	0	0
5.88352	0	0	242.211
1.73725	0	0	0
6.34722	0	0	0
1.60976	0	0	0
6.58517	0	0	0
0.126659	0	0	0
7.08553	0	0	0
0.0236131	0	0	0
7.50836	0	0	0
4.71906	0	0	0
5.76183	0	0	0
 7.1737	0	0	0
7.22298	0	0	0
8.92434	0	114.573	0.443718
8.78309	2568.27	419.353	7.25182
1.22586	0	0	0
0.114806	0	0	0
5.84803	0	0	0
  5.171	0	0	0
1.61782	0	0	0
4.32431	0	0	0
0.264907	0	0	0
      0	0	0	0
0.103885	0	0	0
8.01003	0	0	0
5.38139	0	0	0
3.59985	0	0	0
4.13201	0	0	0
7.58635	0	0	0.0287956
5.02253	0	0	0
7.08678	3055.46	0	0
5.83536	0	0	0
1.98638	0	0	0
0.278433	0	0	0
  8.073	0	0.173082	0
7.90779	0	0	0
7.35168	0	0	0
3.22115	0	0	0
5.10961	0	0	0
2.77834	0	0	0
3.56288	0	0	0
6.40669	0.111471	0	0
3.04729	0	0	0
5.93688	0	0	0
0.0738995	0	0	0
4.06905	0	0	0
6.16696	0	0.90366	0
4.00828	0	0	0
5.27774	0	0	0
3.39491	0	0	0
3.52273	0	0	0
0.112583	0	0	0
7.52046	0	0	0
5.49607	0	0	0
6.70832	0	0	0
0.0574805	0	0	0
