#This file contains the generated points and directions with the tangent plane method
#x	y	theta	phi	dir_x	dir_y	dir_z	pos_x	pos_y	pos_z

-41.5875	154.426	1.00589	4.57865	-22.4048	-166.528	106.496	178.42	168.001	-71.3698	
65.0163	-150.99	0.692276	3.1514	-126.972	-1.24473	153.139	75.4449	151.737	-194.638	
-128.696	72.035	0.56145	0.345321	99.663	35.8523	168.395	-226.555	-4.94545	-99.8751	
-186.39	196.654	0.36782	5.79161	63.0629	-33.7648	185.628	-123.568	289.227	-118.606	
-25.1378	-10.8147	0.250964	1.37301	9.70755	48.4398	192.703	-3.88849	-74.4404	-186.46	
-35.6252	-150.257	0.502878	3.49251	-90.0333	-32.9585	174.306	67.6933	184.789	-157.137	
-149.576	-137.562	1.0391	3.00455	-169.863	23.4259	100.859	263.78	102.486	28.0675	
-167.863	161.219	0.311991	4.64503	-4.10979	-60.9254	189.331	175.715	209.472	-137.805	
67.7703	-113.972	0.496733	1.78204	-19.8781	92.696	174.892	118.824	-10.5432	-207.188	
100.038	-85.872	0.756408	2.65264	-120.533	64.1291	144.686	96.6347	45.8556	-213.344	
-64.6872	167.997	1.13411	4.88797	31.4888	-177.495	84.137	129.146	233.778	-25.5201	
95.0517	29.5717	0.96549	3.3019	-161.492	-26.1122	113.196	112.82	-11.7136	-191.36	
-121.84	-118.889	0.841783	3.25114	-147.482	-16.2213	132.517	215.16	143.271	-41.6445	
 31.345	160.127	0.695174	5.48362	88.8148	-91.3681	152.77	42.7834	185.719	-172.847	
-183.435	112.35	0.97047	1.20577	58.5975	153.336	112.38	-200.536	-210.027	38.9815	
-123.681	-1.70215	0.480672	2.37225	-66.077	63.9889	176.392	146.041	-139.057	-119.205	
33.0529	183.342	1.26294	3.1456	-189.58	-0.759356	60.2812	180.299	-182.621	-91.78	
-102.73	-26.6771	0.638572	1.92947	-41.6241	111.029	159.734	95.5592	-178.901	-98.502	
-51.4116	127.105	0.346464	2.57917	-57.1476	36.0216	187.114	30.2792	-169.333	-169.656	
111.385	119.379	0.68661	2.27629	-81.7698	96.0052	153.856	-64.97	-107.83	-224.465	
-104.353	-44.5651	0.312846	4.4504	-15.8579	-59.1364	189.278	-1.47021	166.579	-157.162	
186.432	121.784	0.341248	4.48229	-15.1845	-64.8213	187.463	93.6893	-134.006	-249.855	
-134.287	-41.5391	0.705227	5.77028	112.357	-63.278	151.482	-221.838	77.2619	-64.436	
137.642	106.012	0.0796927	3.87602	-11.7543	-10.6133	198.303	-19.0352	-160.02	-209.26	
122.192	197.822	0.613358	1.10893	51.0277	102.512	162.673	-183.597	75.0903	-233.008	
-93.5585	-13.2446	0.534191	2.94	-99.2354	20.2801	171.219	180.781	-23.4267	-123.584	
-91.8325	-178.443	0.941532	2.40281	-118.9	108.302	117.083	279.019	-12.7764	-42.8399	
102.367	142.775	0.0999035	5.94814	18.738	-6.524	197.942	124.401	107.868	-208.152	
135.918	87.7947	0.555449	0.954019	60.6769	85.5743	169.027	-65.4976	59.4135	-240.701	
75.6115	189.965	1.10675	5.94623	167.893	-58.8154	89.0365	-73.1499	226.909	-156.652	
68.6308	-93.1737	0.510013	5.46687	66.5167	-70.7626	173.618	-93.3818	-36.6954	-207.122	
-71.372	96.4816	0.589879	5.51708	79.743	-76.7238	165.316	-55.5894	187.372	-125.615	
-42.9332	-34.855	1.07733	3.60392	-156.808	-78.1448	94.2316	159.463	118.411	-56.4205	
-33.923	-46.4501	0.476847	2.34102	-63.5769	65.5357	176.743	117.902	-54.8248	-161.173	
34.2843	-153.949	0.783768	3.69654	-119.362	-73.9967	140.897	17.6089	192.048	-165.1	
195.722	-113.646	0.330559	2.3279	-44.3466	46.9304	188.164	-0.199502	165.678	-251.69	
20.5101	110.137	0.695009	1.86578	-37.0377	121.893	152.791	-72.9214	-138.841	-165.926	
162.708	96.9063	0.905962	4.19327	-77.6747	-135.939	122.728	112.014	0.706906	-250.783	
-136.902	-148.544	0.938362	3.29674	-158.531	-24.7951	117.592	215.53	184.059	-7.16797	
-121.652	-122.232	0.687633	0.221475	123.181	27.7366	153.727	-188.041	-167.633	-76.5134	
59.0405	89.7444	1.19525	0.201812	181.314	37.0964	72.9652	-178.088	55.1672	-127.891	
150.835	-17.1868	0.486361	5.06608	32.2066	-87.2286	175.866	-2.14362	-43.8144	-246.368	
-176.634	44.44	0.962026	5.30001	90.473	-135.822	113.763	-109.485	244.525	31.1395	
134.796	109.505	1.03181	1.23558	56.1657	161.229	102.106	-136.815	-59.8696	-217.792	
-94.9583	-15.0176	0.512694	0.165963	96.2418	16.1208	173.357	-175.373	-44.6024	-126.777	
136.888	-116.228	0.643395	3.52861	-110.517	-45.0434	159.16	-34.7694	111.34	-241.281	
-133.577	50.224	0.640196	5.78784	104.551	-56.4861	159.541	-174.927	151.594	-79.7488	
-144.686	185.391	0.888166	5.56283	116.01	-101.821	125.495	-62.3159	301.364	-13.231	
-156.087	-178.975	1.04237	5.96578	163.219	-53.6188	100.297	-293.841	-91.8554	34.4997	
153.221	-194.064	0.61325	1.40501	18.8946	112.923	162.685	193.187	-21.3656	-250.868	
-99.9837	-3.33387	0.228445	4.91898	9.24095	-44.0934	193.766	-32.4798	138.725	-171.123	
21.3297	-2.70706	1.05036	2.45293	-133.261	109.685	98.9213	126.793	-100.855	-117.427	
 166.19	-180.806	0.838388	3.67056	-127.705	-74.6467	133.02	-59.4746	174.664	-256.593	
75.4991	-74.5465	0.670165	3.79432	-98.1607	-75.0455	155.909	5.87795	98.3303	-202.802	
-45.1691	43.78	1.36095	5.30579	108.801	-161.307	41.4401	-77.7672	193.589	2.73816	
-145.567	-28.1781	0.487515	2.57294	-78.5222	50.181	175.758	202.065	-95.6926	-107.57	
12.7294	-87.5935	0.594622	0.511551	97.1761	54.5543	164.789	-45.1018	-125.773	-171.92	
68.7044	6.29862	0.672765	0.638077	99.5749	73.8406	155.587	-60.1653	-36.7747	-198.4	
-47.1184	-184.988	0.869618	4.0722	-90.7977	-121.904	128.336	-39.4027	256.783	-92.334	
188.526	116.146	0.506462	0.149869	95.4187	14.4083	173.961	50.2516	125.051	-265.413	
-198.58	186.71	0.308213	5.08302	21.858	-56.2504	189.56	83.6382	300.251	-129.32	
26.6934	-65.313	0.809336	0.533084	124.014	73.1769	137.261	-74.9605	-120.067	-156.582	
179.002	-171.777	1.18189	4.09175	-107.052	-149.75	75.4304	-72.161	194.433	-241.065	
125.198	163.315	0.950816	5.26686	85.2454	-137.653	115.585	91.9001	161.793	-217.482	
3.47682	46.0089	0.928235	5.30267	88.6435	-132.31	119.211	-49.2605	156.188	-121.994	
-40.0041	163.032	0.739414	5.124	53.6334	-122.856	146.985	83.9553	215.172	-120.028	
-2.12106	185.155	1.23913	6.13619	186.064	-27.5487	64.7776	-159.629	210.809	-62.7721	
59.7991	-141.042	0.665496	0.140692	121.618	17.2245	156.484	-55.2663	-150.277	-193.407	
-183.45	10.9008	0.569332	5.70686	89.9168	-58.4402	167.555	-213.53	151.782	-68.6628	
-35.9947	0.159193	1.30077	1.04463	96.2883	165.793	53.0667	-101.248	-174.016	-18.3763	
-104.061	-128.355	0.414399	3.3704	-78.0114	-18.1676	182.096	141.669	164.783	-140.197	
 -118.6	89.1286	0.597927	2.97916	-110.512	18.1103	164.42	192.831	-121.918	-97.6567	
136.036	-112.643	0.849618	3.17117	-149.34	-4.41801	131.351	56.2278	114.356	-233.517	
-75.368	83.0776	0.900421	5.02531	47.9868	-148.313	123.594	16.642	218.438	-64.5366	
-91.7354	-46.8351	1.04657	3.50593	-160.915	-61.3667	99.5761	187.13	121.489	-20.1599	
-46.4121	-167.721	0.890211	3.32749	-151.949	-28.5774	125.179	149.65	198.806	-89.1074	
-134.063	-181.222	1.30672	0.14147	190.12	27.0771	51.9251	-199.211	-211.423	77.4907	
-88.7322	36.4719	0.931669	4.01153	-102.966	-122.033	118.663	164.973	138.966	-47.4454	
111.172	167.054	0.361859	3.03566	-70.0307	7.44617	186.052	-51.0215	-162.571	-225.408	
136.581	-170.256	0.631901	4.25041	-52.375	-105.189	160.521	-149.156	82.42	-241.197	
78.3028	-13.86	0.96647	0.197481	160.519	32.1179	113.036	-114.172	-36.9791	-177.47	
144.463	144.516	0.598265	0.017116	112.025	1.91762	164.382	4.85541	144.621	-245.745	
-185.383	-85.4196	0.262717	4.52962	-9.39015	-50.8037	192.109	-42.0688	242.37	-143.964	
181.995	-23.1941	0.329018	1.98017	-25.5854	58.9671	188.264	-21.6924	108.266	-247.069	
-175.213	134.423	1.12933	1.11356	79.4028	161.386	84.9982	-233.067	-169.215	73.416	
 157.78	18.2572	0.843394	0.726596	111.058	98.7094	132.278	-44.7713	-15.3666	-250.124	
121.602	138.384	0.200732	0.685201	30.7121	25.101	194.94	-26.0208	157.456	-219.186	
124.041	145.696	0.651597	1.27619	35.0314	115.447	158.176	-145.812	21.236	-233.402	
-65.0618	-118.713	0.765117	6.13818	136.34	-19.9092	143.492	-199.93	-90.7774	-98.4284	
191.702	-31.9794	0.718533	4.44421	-34.7002	-126.274	149.752	-34.3745	-4.40186	-275.946	
136.853	157.251	0.353974	0.666459	54.2008	42.6293	186.601	-50.515	160.33	-234.038	
-45.0174	-168.807	1.26467	3.93105	-133.583	-134.671	59.9515	23.289	263.182	-17.027	
-38.8017	-82.5194	1.02677	6.17344	169.191	-18.6436	102.965	-198.191	-61.1796	-69.7649	
-104.255	169.449	0.368934	1.9708	-27.937	66.0769	185.549	-90.2687	-221.627	-147.952	
-192.608	184.441	0.183652	0.82591	24.6275	26.7084	195.589	-288.593	-40.8955	-160.415	
-71.6335	99.5323	0.202747	1.54188	1.15822	40.0408	194.86	-102.678	-107.3	-180.436	
165.538	114.881	0.594656	1.74042	-18.8142	109.848	164.786	-117.567	5.91223	-257.524	
-180.353	8.34559	0.612616	0.20175	112.069	22.9219	162.757	-258.304	-44.3133	-59.0528	
-160.283	-99.3237	0.931779	0.177974	157.159	28.2692	118.646	-233.659	-142.948	10.0104	
196.958	99.6959	1.14316	1.33893	41.5969	176.176	82.5019	-119.855	-73.7706	-261.724	
-95.056	24.9056	0.38075	5.33311	42.9976	-60.1371	184.688	-74.065	146.409	-149.364	
24.5184	-11.5102	0.666369	0.999491	66.4928	103.441	156.377	-46.3888	-93.452	-171.532	
-83.8678	-13.5988	0.220412	4.69789	-0.630744	-43.4887	194.122	-11.7798	125.516	-175.786	
150.909	-73.3507	0.531778	6.1253	99.6184	-15.8606	171.463	17.2999	-77.0289	-247.984	
 9.6293	-15.1841	0.235157	5.93512	43.5714	-15.8094	193.459	-39.9477	-1.65811	-195.703	
11.0001	156.803	0.80458	3.09823	-143.205	6.21386	137.944	128.787	-162.539	-145.87	
-1.08311	-131.12	0.564064	5.29573	58.5825	-88.7669	168.117	-168.523	17.3076	-167.538	
-36.3213	146.583	0.597352	0.609355	91.7531	64.0399	164.485	-200.275	38.9729	-144.055	
-28.8131	-121.064	0.745512	1.82027	-33.3173	130.769	146.165	155.861	-121.394	-126.62	
-49.3469	151.174	0.689975	1.0411	63.9804	109.272	153.431	-213.668	-65.7318	-122.02	
-162.352	-91.3371	1.21009	4.35395	-65.2986	-174.303	70.2106	-0.131885	260.003	81.6936	
131.276	-171.366	0.536793	2.20396	-60.1947	82.0117	170.955	131.591	110.33	-238.087	
124.208	-110.098	0.442055	4.88834	14.8967	-83.7898	179.812	-103.644	-46.0174	-232.948	
-108.211	-89.0145	0.890323	2.1731	-87.6026	127.418	125.162	199.525	-133.089	-41.0523	
-105.975	44.9623	1.04368	5.97671	163.92	-51.8713	100.072	-201.181	110.822	-8.48201	
-154.788	-148.208	1.33485	6.00871	186.183	-52.4252	46.5034	-261.182	-80.4276	103.996	
28.4157	164.523	0.810443	4.7717	8.54469	-143.893	137.101	156.85	134.097	-157.691	
150.556	-109.544	0.720999	4.32629	-49.4535	-121.656	149.429	-94.6135	58.1438	-248.816	
79.3871	-52.2105	0.874544	0.968451	86.478	125.771	127.586	-14.609	-113.398	-188.496	
-172.74	88.4424	0.950863	0.657767	128.134	98.9876	115.577	-261.623	-90.352	25.0185	
187.938	-128.042	0.863199	5.76973	131.682	-74.2561	129.309	-88.1656	-97.28	-272.128	
38.0605	172.448	1.22199	4.53625	-32.7598	-184.062	67.9917	200.26	141.037	-103.76	
-93.3958	-107.346	0.5788	5.39373	68.5391	-84.5246	166.532	-201.161	77.6421	-115.443	
166.662	-137.696	1.19276	3.17769	-184.767	-6.67325	73.426	118.323	142.059	-228.32	
-3.52623	-105.591	0.792853	2.76517	-131.791	52.0926	139.615	172.907	45.1957	-137.103	
165.427	-178.207	0.690389	0.801851	88.0966	91.0443	153.378	128.662	-123.307	-258.728	
37.8053	-176.848	0.176815	0.854731	22.9692	26.3975	195.833	134.873	-114.409	-202.483	
189.405	102.022	0.732464	6.22792	132.825	-7.34815	147.913	13.4237	101.435	-274.57	
65.2865	125.952	0.548667	2.58496	-88.0915	54.8165	169.735	-25.7472	-132.325	-203.785	
69.2522	47.3228	0.554392	4.16129	-54.8359	-89.22	169.138	64.3219	14.2782	-205.594	
 168.05	47.6665	0.968564	1.57138	-0.0950168	163.936	112.693	-47.6267	-68.7664	-251.179	
-14.7786	-35.7787	0.693145	0.892681	79.7401	98.9885	153.028	-59.0089	-130.287	-143.585	
-161.444	173.671	0.345096	4.31581	-25.9943	-62.0739	187.206	244.87	135.126	-132.591	
181.815	-9.1697	0.407307	5.58034	60.1291	-50.9391	182.66	61.321	-63.9666	-254.684	
 84.721	-175.282	0.955394	4.19297	-80.6298	-141.014	114.842	-95.8109	185.561	-184.02	
-104.038	147.684	0.395542	5.87946	70.4886	-30.112	183.574	-100.759	203.638	-143.487	
-112.731	-41.6933	0.873159	6.1872	151.754	-14.6111	127.797	-227.836	-19.9497	-41.4042	
 32.063	-159.207	0.847968	1.25107	46.8914	141.628	131.597	110.914	-171.533	-155.642	
-90.0712	139.077	1.15428	2.2875	-119.508	137.168	80.4843	38.5857	-256.003	1.88613	
-73.6761	-44.5098	0.741116	4.28396	-55.7949	-122.165	146.757	37.8878	190.096	-97.0174	
100.587	-132.863	0.491582	5.54612	69.5289	-63.1124	175.378	-93.1681	-94.8667	-222.857	
-33.9958	-117.587	0.673445	2.07133	-59.5411	108.852	155.503	175.456	-75.7368	-134.3	
85.3738	102.153	0.974599	3.15547	-164.598	-2.28376	111.702	118.082	-100.524	-182.346	
-10.3923	89.5889	0.737111	0.807112	92.475	96.5808	147.294	-162.506	-40.18	-140.309	
 28.558	114.271	0.689904	0.39313	116.956	48.5036	153.439	-140.384	65.4887	-171.616	
157.264	-178.912	0.673049	4.20343	-60.4261	-108.292	155.552	-155.728	88.0876	-253.586	
144.593	96.7954	0.730362	4.1653	-69.0395	-113.346	148.193	95.6753	-28.9975	-244.656	
 8.7242	9.38754	0.558687	3.88	-77.9848	-70.9791	168.687	78.8327	59.0572	-173.311	
16.5919	-45.915	0.916887	1.17771	60.4815	145.854	121.011	-14.2025	-154.118	-134.18	
-158.84	-81.2363	0.74041	5.50801	95.8581	-93.9185	146.852	-236.465	117.951	-39.7	
153.526	-23.9266	0.914945	1.10068	71.4185	140.558	121.317	-7.67649	-67.9276	-242.991	
-54.042	155.403	0.740822	3.07726	-133.982	8.63151	146.796	163.787	-166.276	-110.324	
156.471	-117.851	0.953361	3.53641	-149.725	-62.3909	115.172	20.7756	136.331	-242.753	
134.072	34.4671	0.386361	6.02129	72.4065	-19.4084	184.27	56.4721	20.5467	-234.791	
87.6549	46.0556	0.783826	5.29138	76.8494	-117.556	140.889	-4.33204	90.7958	-202.773	
-101.337	-122.559	0.568546	2.2774	-69.5405	81.4628	167.639	218.199	-66.8392	-113.078	
-44.1728	80.3185	0.586129	4.04188	-68.3767	-86.2156	165.73	154.173	65.1395	-141.296	
-168.177	52.4777	0.982565	0.80709	114.459	119.536	110.387	-216.903	-150.645	29.5234	
198.358	24.1022	1.00517	5.37846	103.778	-132.052	106.618	-19.1383	63.359	-274.082	
  40.39	4.13929	0.370945	2.03669	-32.3947	64.4272	185.404	11.7865	-32.6557	-200.045	
56.3982	-40.5379	0.344792	5.84592	60.9135	-28.4739	187.226	-29.9951	-30.727	-206.289	
-193.409	-110.612	0.238791	2.28859	-30.9484	35.4435	193.29	237.869	-104.244	-147.543	
-10.0455	-174.246	0.472032	3.83823	-69.3794	-58.0394	177.18	-35.5615	197.428	-172.613	
17.0548	8.39154	0.899426	0.584055	129.94	85.8877	123.749	-125.717	-73.0372	-137.102	
-68.1629	-112.654	0.260431	1.71939	-7.5835	50.6605	192.226	128.747	-99.1215	-174.674	
42.9219	84.8541	0.218182	5.79124	37.954	-20.3393	194.218	39.0614	75.3376	-203.509	
 31.509	103.273	0.938257	3.80061	-126.848	-98.2477	117.609	175.359	5.19412	-143.022	
106.651	84.1264	0.501163	4.02882	-60.3628	-74.1036	174.47	66.5151	-51.5477	-225.71	
 38.182	-77.7847	0.687089	3.72515	-105.3	-69.5255	153.795	37.8079	118.173	-178.014	
-196.817	-1.9135	0.554177	3.33083	-102.819	-19.6929	169.161	266.832	53.0546	-65.5869	
60.7254	141.709	0.897649	0.0822591	155.014	12.7801	124.026	-128.926	131.561	-171.505	
136.482	-156.431	0.666618	0.858201	80.4223	93.0757	156.346	108.073	-114.187	-240.737	
23.6128	118.512	0.214386	5.75275	36.5069	-21.4116	194.38	43.3515	111.966	-199.404	
-46.6697	115.446	0.682772	0.765727	90.4824	86.9909	154.339	-196.595	-28.8621	-124.893	
165.308	173.642	0.102161	1.8636	-5.85589	19.4246	197.897	-207.861	87.9032	-214.756	
-89.8605	161.065	0.415268	0.769064	57.6697	55.8159	182.027	-228.767	2.73654	-145.774	
61.4793	-62.0044	0.695268	1.46009	14.0786	126.656	152.758	52.7617	-86.5858	-192.141	
93.8576	-44.5485	0.568198	1.63726	-7.10916	106.813	167.676	46.3057	-24.9193	-218.182	
-190.503	66.351	0.291772	1.99908	-23.7653	52.0551	190.527	39.1804	-245.584	-135.728	
110.787	-191.887	0.690692	0.300075	121.072	37.4619	153.34	17.2274	-195.533	-223.919	
0.73936	-171.061	0.658875	1.34807	26.9028	118.785	157.294	140.062	-156	-157.746	
-32.2994	-96.4591	0.501169	2.98366	-94.3887	15.0326	174.47	137.534	75.7707	-158.951	
30.4454	-48.139	0.595478	4.52153	-21.1679	-109.557	164.694	-30.8785	93.9417	-181.771	
49.7046	-192.301	0.542192	3.90607	-74.0896	-71.052	170.403	-89.7421	180.376	-196.051	
-57.8408	13.0801	0.80968	5.18364	65.3949	-128.341	137.211	-71.8527	169.826	-95.3305	
81.0146	-107.112	0.670026	4.99102	33.9786	-118.775	155.926	-119.495	28.2637	-206.236	
100.177	-126.115	0.932019	3.38388	-155.045	-38.3179	118.607	66.8046	146.42	-199.032	
166.642	-141.689	0.135145	6.17343	26.6419	-2.93586	197.121	121.967	-155.987	-219.573	
-106.475	190.121	1.0729	0.398056	161.117	67.7501	95.0066	-281.687	87.7958	-1.45882	
155.162	83.081	0.796471	2.04126	-64.4662	126.766	139.102	-58.7689	-67.7189	-250.026	
24.8577	94.5741	0.891239	1.15006	63.2018	141.246	125.02	-143.147	-88.3592	-144.356	
189.284	12.814	0.418395	2.9917	-79.9196	12.07	181.775	-93.0114	1.08783	-258.68	
-139.049	131.046	0.490034	4.92154	19.44	-91.5894	175.523	83.2781	238.809	-110.079	
135.719	24.4397	0.898543	1.87214	-46.1977	148.636	123.887	-2.22624	-75.18	-230.076	
-18.5865	94.5273	0.685386	4.20752	-60.9064	-110.21	154.01	150.6	77.0819	-142.245	
-108.368	146.756	0.605892	3.90096	-82.1679	-77.9973	163.523	247.81	32.8857	-101.808	
 10.497	-170.766	0.752148	1.29046	37.6039	130.608	145.266	128.616	-170.489	-152.438	
116.074	-162.671	0.715972	4.73374	2.78749	-130.541	150.087	-163.552	39.5156	-226.273	
-73.8501	185.814	0.316578	3.41592	-59.6159	-16.777	189.049	177.508	-143.078	-166.058	
-24.4507	66.4011	0.579063	3.56219	-99.3767	-44.4501	166.503	145.17	-7.80796	-153.123	
-45.8443	111.506	0.613055	5.99029	109.586	-33.0476	162.707	-113.29	150.631	-136.33	
-25.8576	-101.975	0.350116	5.65255	55.1109	-40.2356	186.866	-134.858	-27.8029	-177.996	
12.9423	82.0905	0.98653	0.204438	162.479	33.6876	109.73	-172.155	48.1428	-120.525	
-95.354	5.86893	0.150302	6.17203	29.604	-3.30431	196.692	-122.65	19.5952	-182.414	
46.7064	95.6129	1.22135	2.1083	-95.6968	160.555	68.1105	5.37881	-195.772	-111.994	
161.909	-162.846	0.49044	1.18785	35.0119	86.914	175.485	169.406	-15.2832	-251.747	
-22.384	-2.45314	0.419431	0.000786782	81.0141	0.0637405	181.691	-101.456	-2.53297	-172.575	
-88.3061	26.7143	0.706494	2.36865	-92.4478	90.173	151.318	121.879	-156.197	-93.9923	
31.2191	9.38641	0.352938	2.82427	-65.3299	21.4558	186.672	34.5689	-21.2328	-197.463	
-163.542	-4.55613	0.576868	0.878171	69.2832	83.4979	166.742	-153.309	-191.898	-77.5458	
-189.63	45.4432	1.24566	4.74466	6.08334	-188.414	63.5464	37.3815	250.423	116.148	
79.9639	55.959	0.725374	5.59695	102.102	-83.624	148.853	-20.3552	89.0038	-201.902	
168.465	-122.667	0.703102	2.63887	-112.714	61.9751	151.755	59.2052	107.434	-260.682	
-9.66297	114.228	0.909411	0.341617	147.916	52.5925	122.188	-191.775	53.046	-114.562	
-3.14823	-134.829	0.632173	1.29148	32.4083	112.995	160.489	96.4953	-152.608	-158.629	
130.806	130.791	0.839383	1.91815	-50.3986	139.211	132.873	-102.322	-101.583	-230.222	
23.3546	57.4615	0.65514	2.29046	-79.8904	91.149	157.748	24.4712	-115.097	-171.977	
-115.735	-5.21251	1.04458	4.85441	24.3482	-170.29	99.9176	-37.736	227.096	0.160095	
-167.943	34.4169	0.398055	4.68708	-1.95105	-77.0875	183.381	40.2739	230.98	-118.282	
-101.763	89.3601	0.7664	0.0154501	137.954	2.13156	143.315	-212.637	86.0853	-72.7372	
-113.045	-72.0071	0.307241	1.49057	4.82143	59.9702	189.619	58.3191	-173.145	-155.431	
158.279	195.324	0.440921	2.72548	-77.6552	34.3169	179.908	-132.222	-155.116	-247.457	
10.7088	139.084	0.567058	0.389514	98.8537	40.5782	167.798	-143.313	91.5175	-173.55	
-155.713	140.29	0.237286	3.67474	-40.2725	-23.7668	193.36	241.918	-20.1305	-156.758	
-195.541	179.628	0.742675	1.73773	-22.3537	132.661	146.547	-130.842	-304.553	-14.3108	
140.807	-31.8551	0.548753	4.25712	-45.6273	-93.1995	169.726	-35.8059	-0.690771	-243.174	
-4.03708	-106.118	0.714254	4.2768	-54.9842	-118.145	150.311	-39.9377	165.686	-147.667	
-187.367	136.632	0.411537	5.44406	53.1669	-59.2103	182.325	-66.235	278.268	-107.375	
180.104	118.578	1.12325	2.94055	-175.73	35.8135	86.089	75.6803	-136.439	-248.455	
181.548	6.86748	0.651423	3.03284	-119.905	13.092	158.197	-24.3583	-4.24871	-268.273	
105.546	-65.1843	0.902078	3.30268	-154.066	-25.0353	123.336	79.0222	78.8801	-206.149	
66.1749	-107.245	0.915589	3.45444	-150.083	-48.5476	121.216	78.7111	138.177	-173.687	
-75.8552	-182.931	0.669411	2.49042	-98.1841	74.8212	156.002	256.374	34.623	-108.932	
 76.736	119.171	0.499978	6.07018	93.2151	-20.1608	174.583	-2.20184	122.402	-211.371	
39.0746	166.639	0.886104	1.88375	-47.4423	146.612	125.813	-118.71	-174.404	-156.081	
42.8465	53.5788	0.217482	1.49844	3.10299	42.8122	194.248	-53.5173	2.78882	-203.493	
-28.8022	17.59	1.39957	6.27418	196.017	-1.76588	33.8968	-200.766	19.3994	-5.51576	
47.0585	119.677	1.31048	1.68428	-21.7675	190.996	51.2032	-98.5115	-192.513	-96.6762	
77.6197	23.8717	0.594838	6.06451	108.823	-24.1835	164.765	-40.8877	33.5405	-208.261	
120.342	43.375	0.762257	1.90408	-44.9421	129.816	143.885	-24.5213	-61.7548	-226.988	
-40.8914	-10.201	0.0710233	3.99113	-9.32193	-10.6016	198.433	28.5949	47.9687	-195.531	
-181.165	-76.4092	0.626027	5.75929	100.928	-58.3104	161.209	-266.271	65.5914	-55.059	
-184.935	-130.41	0.283544	1.74305	-9.53933	54.8301	190.991	168.452	-207.4	-139.254	
-149.067	-73.3092	0.772931	1.24588	44.3419	131.636	142.411	-8.93408	-256.167	-38.3263	
-187.087	114.598	0.648769	2.80224	-113.342	40.0114	158.517	215.769	-197.699	-45.4775	
-61.7354	-160.19	0.589176	0.0454852	110.429	5.02634	165.394	-154.419	-167.385	-131.089	
88.3481	-92.6167	0.924637	5.19956	74.3531	-140.351	119.783	-131.292	49.9869	-190.321	
-6.89147	-48.5331	0.821551	1.414	22.7461	143.873	135.492	24.4586	-156.088	-130.446	
146.716	-68.1589	0.708619	4.83031	15.2305	-128.565	151.043	-69.8111	9.92413	-246.524	
111.438	-101.188	0.4549	3.47013	-82.7313	-28.2026	178.704	-44.6691	91.6786	-227.666	
184.926	-46.2573	0.621591	3.87966	-85.6991	-77.9476	161.724	-56.6401	11.0122	-269.412	
-133.179	88.3209	0.187189	3.82814	-28.6338	-23.4666	195.459	185.825	38.0992	-170.675	
-159.327	-136.277	0.493931	5.82017	84.3827	-42.1248	175.157	-270.763	-17.146	-99.6216	
78.3563	178.955	0.103009	3.30155	-20.1946	-3.25814	197.88	-28.2478	-185.826	-205.937	
-193.908	112.668	0.304354	0.00672259	59.6148	0.400772	189.792	-245.364	111.022	-131.682	
163.959	28.9085	0.865175	6.20463	150.964	-11.883	129.01	-42.6944	32.3586	-253.817	
-74.2775	77.7316	0.941536	1.99582	-66.3181	146.521	117.082	13.5286	-218.4	-57.0317	
-58.7321	-38.146	0.182349	4.59164	-4.34545	-35.8122	195.636	-26.5654	97.7449	-184.986	
91.6305	-36.8552	0.383082	0.666978	58.4225	45.9988	184.515	31.1519	-22.3804	-218.765	
116.055	-4.85781	0.169408	2.22586	-20.4331	26.5976	196.087	-45.4049	67.0772	-215.653	
55.9896	-108.147	0.0586522	1.98016	-4.64149	10.6977	198.592	81.6055	83.6226	-201.874	
-198.492	108.599	0.456157	4.80821	8.38393	-87.2288	178.594	82.6682	274.998	-91.1578	
170.939	-185.016	0.827067	4.97555	38.0846	-141.365	134.686	-186.626	-18.5108	-260.488	
-179.54	44.4102	0.757095	0.0513785	136.45	7.01679	144.592	-269.055	30.6331	-21.2817	
106.395	9.39556	0.0828551	2.20882	-9.80602	13.225	198.252	-60.8938	66.3506	-207.057	
 156.47	75.6415	0.375478	2.76198	-67.7591	27.0334	185.075	-95.4765	-43.3477	-242.455	
-110.773	142.256	0.85236	1.19183	55.4076	139.139	130.94	-214.545	-154.247	-47.5462	
64.2079	-169.943	0.26431	2.52423	-42.377	30.0849	192.026	90.217	144.366	-208.8	
9.55695	29.4231	0.922901	6.02107	153.204	-41.103	120.059	-140.009	68.0265	-127.679	
114.974	6.2179	0.414343	0.336097	75.6077	26.4136	182.101	21.6978	14.1666	-228.388	
-24.4741	-113.827	0.620417	3.38329	-112.294	-27.6818	161.86	104.384	142.967	-147.632	
41.3933	82.5962	0.423535	0.563701	69.1097	43.6854	181.357	-81.3448	46.2947	-198.369	
-54.7237	115.232	0.212377	4.50555	-8.61165	-41.0385	194.465	132.374	69.7271	-182.93	
161.073	78.626	0.539768	3.00468	-101.283	13.954	170.651	-46.3283	-72.986	-253.433	
179.712	145.778	0.244648	4.27716	-20.3157	-43.6928	193.011	78.9891	-175.875	-236.54	
154.287	33.1716	1.06688	3.22902	-173.541	-15.2113	96.0575	102.223	-24.3387	-231.166	
7.06999	92.9692	0.352897	3.3894	-66.6548	-16.8645	186.675	83.027	-74.8919	-189.119	
187.034	-102.557	0.351562	3.09896	-68.4438	2.91948	186.767	-102.62	107.027	-251.175	
-126.619	184.275	0.921373	1.25862	48.6618	150.78	120.301	-247.548	-167.052	-19.4573	
64.2973	-85.6923	0.943194	4.9706	41.1185	-155.687	116.815	-114.329	97.3007	-168.86	
79.3258	-155.307	0.584214	3.65679	-95.479	-54.06	165.94	-38.6218	156.606	-209.692	
-7.46729	22.6409	0.404332	6.03941	75.9478	-18.8899	182.893	-77.1452	42.5184	-179.956	
99.9272	-162.392	0.151062	2.98892	-29.589	4.55291	196.669	-43.3541	170.974	-211.707	
-22.8704	-23.0563	0.163391	2.6095	-27.8858	16.4174	196.285	59.0292	-7.99739	-192.565	
126.441	-84.6941	1.05581	6.10969	170.534	-29.8871	97.9791	-123.814	-64.2858	-208.021	
35.7205	-17.1855	0.260024	6.16813	50.8086	-5.87153	192.247	-18.49	-15.1632	-201.431	
166.042	190.662	0.50027	2.61813	-82.644	47.6992	174.556	-138.849	-140.001	-254.2	
 152.55	170.253	0.221129	2.39166	-31.9274	29.7395	194.09	-193.023	-52.8753	-227.549	
-122.411	-52.2656	1.04183	2.29015	-113.163	129.193	100.39	193.181	-141.223	5.29123	
-28.1332	176.204	0.570122	3.48949	-100.939	-36.605	167.47	183.275	-120.969	-152.286	
-74.5028	-172.409	0.89988	1.16904	60.9291	143.409	123.678	79.64	-253.457	-65.3239	
156.244	94.1093	0.137202	1.83128	-7.0075	26.2908	197.065	-123.789	99.026	-218.435	
135.238	59.8873	0.635442	0.157796	116.607	18.5544	160.104	-18.5294	57.6923	-240.373	
-84.5145	163.559	0.727397	1.95827	-49.9807	122.471	148.586	-77.6021	-242.717	-92.3896	
95.9956	55.6188	0.690848	5.78336	111.252	-60.7518	153.32	-19.6623	74.1082	-214.488	
-101.859	-174.399	0.565984	4.4383	-28.8749	-102.696	167.913	-115.743	232.667	-113.291	
147.615	162.603	0.913732	2.05052	-72.6979	139.734	121.508	-113.164	-134.796	-238.388	
21.8058	-171.375	0.832953	0.80473	102.052	106.076	133.822	31.6184	-214.32	-149.956	
16.2688	73.956	0.254404	5.01528	14.9336	-47.7865	192.531	60.3522	54.8178	-196.626	
51.7641	66.1707	0.300991	1.41898	8.91956	58.299	189.991	-66.8524	0.576722	-205.337	
94.3358	71.9343	0.580149	2.79806	-102.674	36.7282	166.385	4.15501	-77.8845	-218.095	
6.94178	-46.1422	0.282827	2.07437	-26.79	48.6253	191.031	63.9877	-20.5205	-192.968	
  147.6	77.4156	0.909452	5.59044	120.805	-100.263	122.181	-1.6067	101.939	-238.662	
-150.341	30.2039	0.63624	3.1027	-118.113	4.59548	160.01	237.772	-39.4779	-70.6811	
-140.212	134.589	0.403077	1.43739	10.3789	77.3389	182.991	-160.926	-187.267	-127.993	
-120.722	-94.8143	0.133506	5.51293	19.0057	-18.4385	197.164	-170.902	33.6997	-181.095	
114.812	139.748	0.974653	4.59918	-18.5958	-163.566	111.693	150.168	83.7302	-206.701	
111.746	159.977	0.447657	4.78117	5.9178	-85.9061	179.332	160.604	-3.59679	-227.702	
23.9207	-57.4446	0.880641	4.42657	-43.2526	-147.184	126.653	-16.1553	148.769	-145.099	
54.3859	159.394	1.13284	3.60263	-161.349	-80.148	84.3657	211.603	-72.8654	-133.619	
-169.578	17.0441	0.696802	2.73267	-117.143	50.7643	152.563	229.693	-118.113	-43.7329	
7.97734	-49.183	0.434612	5.86974	76.7054	-33.6529	180.44	-89.8393	-14.2931	-183.799	
-141.072	-169.611	0.994244	1.23912	54.3066	157.687	108.447	81.0183	-285.628	9.8206	
113.989	-145.171	0.588297	4.50313	-22.9331	-107.989	165.491	-138.77	45.3888	-228.749	
5.77119	87.0591	0.965633	2.91333	-159.362	37.0221	113.173	136.463	-121.08	-117.919	
142.473	83.833	0.5463	0.207354	101.138	21.2773	169.98	0.731359	85.8219	-243.999	
-125.21	-115.483	0.12239	6.05296	23.6459	-5.54224	197.446	-170.993	-78.5344	-182.16	
55.5471	-112.136	0.763609	1.68822	-16.1165	136.622	143.699	122.779	-83.6376	-182.112	
117.455	-125.568	0.832754	2.03946	-66.4749	131.301	133.851	142.807	-4.07573	-220.743	
-18.7401	43.8892	0.853472	6.23157	149.711	-7.73475	130.774	-159.749	52.2012	-116.652	
11.3994	109.961	0.465996	1.27923	25.6936	85.6113	177.723	-128.086	-44.2486	-182.845	
-11.1971	-137.682	0.544503	0.945448	60.3214	83.546	170.166	45.6988	-171.907	-164.365	
59.4029	179.531	0.503132	3.50012	-89.8215	-33.6578	174.282	104.085	-152.719	-202.924	
196.807	-3.03392	0.317585	2.14286	-33.6309	52.2312	188.986	-65.035	106.608	-250.444	
13.5432	79.8409	0.574665	4.73419	2.35721	-108.106	166.981	77.7126	98.4811	-174.342	
 145.56	-48.071	0.26172	3.48096	-48.5371	-17.1345	192.16	-100.049	15.6591	-229.822	
174.771	141.377	0.667948	4.4229	-35.173	-118.088	156.182	131.499	-53.7716	-264.431	
  105.8	58.9967	0.206991	0.0172634	40.8781	0.705764	194.688	61.6295	60.0696	-216.431	
-23.6541	-158.866	0.184661	6.01504	35.2217	-9.67747	195.552	-99.7327	-137.351	-191.209	
13.7385	171.916	0.651214	2.84912	-115.464	34.767	158.222	55.4342	-196.232	-166.55	
-158.269	83.9688	1.0029	2.85758	-160.99	46.9934	106.999	219.177	-151.452	26.4265	
198.113	10.6958	0.165033	3.03594	-32.4997	3.44637	196.231	-162.96	6.52503	-228.778	
26.0909	77.7199	0.50462	5.65347	77.7319	-56.642	174.139	-13.503	106.004	-186.753	
